                                     mean         std        2.5q        25q        50q         75q      97.5q       mc err
a(DDA.hoarding)                   1.59931    0.152402     1.29767    1.50246    1.59864      1.6991    1.89921   0.00251366
a(DDA.neutral)                    3.08457     0.21898     2.65452    2.94018    3.08364     3.22943     3.5248    0.0109509
a(HC.hoarding)                    1.44557   0.0713497     1.31379    1.39639    1.44481     1.49035    1.59263   0.00208325
a(HC.neutral)                     2.31053   0.0964281     2.12267    2.24521    2.30863     2.37418    2.50489   0.00386941
a_std                            0.496074   0.0522866     0.40355   0.458762   0.493274    0.530207   0.608028   0.00292007
a_subj(DDA.hoarding).1            1.02676   0.0697662    0.899912   0.978207    1.02437     1.07041    1.17598   0.00230177
a_subj(DDA.hoarding).2            1.72941   0.0666646     1.60452    1.68283    1.72703       1.774    1.86444   0.00134991
a_subj(DDA.hoarding).3            1.26311   0.0496221     1.17297    1.22871    1.26122     1.29582    1.36652   0.00105681
a_subj(DDA.hoarding).4            1.74982   0.0755369     1.61002    1.69822    1.74792     1.79797    1.90537   0.00148849
a_subj(DDA.hoarding).5            1.48111   0.0569441     1.37471    1.44181    1.47877     1.52079    1.59668   0.00118455
a_subj(DDA.hoarding).6            1.31348    0.053278     1.21583    1.27594    1.31222     1.34839    1.42272   0.00113169
a_subj(DDA.hoarding).7            1.96146   0.0879617     1.79436    1.90007    1.95864     2.01981    2.14087   0.00232522
a_subj(DDA.hoarding).8            1.54905   0.0571009     1.44148    1.50951    1.54835     1.58713    1.66339   0.00120368
a_subj(DDA.hoarding).9            1.79286   0.0675786      1.6643    1.74622    1.79215     1.83672    1.92964   0.00132068
a_subj(DDA.neutral).1             2.21061    0.227923     1.81091    2.04651    2.19429     2.36195    2.68263    0.0136729
a_subj(DDA.neutral).2             3.56698    0.352612     2.89126    3.33073    3.55555     3.79521    4.27957    0.0211378
a_subj(DDA.neutral).3             2.78042    0.218167     2.38253    2.62685    2.77449     2.92894    3.22242   0.00943365
a_subj(DDA.neutral).4             3.17125    0.259419     2.68098    2.98533    3.16959     3.34437    3.69394    0.0122548
a_subj(DDA.neutral).5             3.50368    0.682602      2.4578    2.97974     3.3927      3.9767    5.03917     0.055775
a_subj(DDA.neutral).6             3.13752    0.380219     2.39549    2.88699     3.1291     3.38156    3.91047    0.0258137
a_subj(DDA.neutral).7             2.92598    0.272914     2.43108    2.73577    2.91612     3.10057    3.50237    0.0148682
a_subj(DDA.neutral).8             3.26799    0.274479     2.76159    3.07103    3.26473      3.4467    3.82394    0.0138303
a_subj(DDA.neutral).9             4.00374    0.466226     3.16279    3.67576    3.97685     4.30035    4.98235    0.0288596
a_subj(HC.hoarding).10            1.50894   0.0628475     1.39472    1.46615    1.50533     1.54804    1.64298   0.00135185
a_subj(HC.hoarding).11            1.85502    0.114038     1.64152    1.77734    1.85192     1.92937    2.09129   0.00329829
a_subj(HC.hoarding).12            1.07466   0.0424118    0.988239    1.04747    1.07469     1.10247    1.15819   0.00105609
a_subj(HC.hoarding).13            1.45376   0.0562755     1.34877    1.41466     1.4509      1.4921    1.56758   0.00127074
a_subj(HC.hoarding).14            1.63672   0.0755983     1.49502    1.58454    1.63499     1.68557    1.79634   0.00194173
a_subj(HC.hoarding).15            1.17752   0.0473265     1.08922    1.14489    1.17637     1.20847    1.27299  0.000987436
a_subj(HC.hoarding).16            1.05833   0.0652941    0.933144    1.01436    1.05612     1.10113    1.19364    0.0018465
a_subj(HC.hoarding).17           0.967721   0.0466632    0.881093   0.935731   0.967384    0.999149     1.0603   0.00128654
a_subj(HC.hoarding).18            1.40321     0.07614     1.26169    1.35158    1.40074     1.45255    1.56377   0.00221911
a_subj(HC.hoarding).19            1.26609   0.0677384     1.14562    1.21922    1.26249     1.30746    1.41313   0.00194748
a_subj(HC.hoarding).20            1.70527   0.0803944     1.55297    1.65099    1.70313     1.75747    1.86991   0.00228952
a_subj(HC.hoarding).21            1.85342   0.0759499     1.71134     1.8015    1.84967      1.9017    2.01036   0.00167108
a_subj(HC.hoarding).22            1.05235   0.0424058     0.97222    1.02361    1.05142      1.0799    1.13792  0.000868342
a_subj(HC.hoarding).23            1.83937    0.233986     1.42789    1.66739    1.82598     1.99917    2.31239    0.0147046
a_subj(HC.hoarding).24           0.884747   0.0370346    0.814025    0.85964   0.883607    0.908919   0.960602  0.000764615
a_subj(HC.hoarding).25            1.49674   0.0589406     1.38684    1.45482     1.4968     1.53633    1.61503   0.00125625
a_subj(HC.hoarding).26            1.06025     0.04451    0.976125     1.0291    1.05901     1.08989    1.15024  0.000855774
a_subj(HC.hoarding).27            1.03111    0.043036    0.947817    1.00205    1.02968     1.05986    1.11643   0.00114501
a_subj(HC.hoarding).28            1.52793   0.0685599     1.39916    1.48136    1.52472     1.57217    1.67032   0.00144489
a_subj(HC.hoarding).29            1.06758   0.0484425    0.979054    1.03504    1.06516     1.09792    1.17079   0.00100247
a_subj(HC.hoarding).30            1.35819   0.0579951     1.24925    1.31803    1.35752     1.39608    1.47672    0.0013526
a_subj(HC.hoarding).31            1.05864   0.0510113    0.970293    1.02311    1.05439     1.08974    1.16893   0.00122805
a_subj(HC.hoarding).32            1.86457   0.0784844     1.71857     1.8118    1.86156     1.91562    2.02994   0.00166807
a_subj(HC.hoarding).33            1.61488   0.0702406     1.48268    1.56721    1.61299     1.65997    1.75571   0.00164746
a_subj(HC.hoarding).34            1.08872   0.0455993     1.00261    1.05835    1.08709     1.11971    1.17924  0.000998861
a_subj(HC.hoarding).35            1.50021   0.0695117     1.37061    1.45184    1.49896     1.54659      1.642   0.00154614
a_subj(HC.hoarding).36            1.18926   0.0634516     1.07474    1.14431     1.1859     1.22979    1.32226   0.00188544
a_subj(HC.hoarding).37            1.47342   0.0675308      1.3445    1.42759    1.47072     1.51722    1.61113   0.00159498
a_subj(HC.hoarding).38            1.43647   0.0722186     1.29376    1.38785    1.43563     1.48531     1.5764   0.00192875
a_subj(HC.hoarding).39            1.66346   0.0687633     1.53263     1.6165    1.66327     1.70923    1.80156   0.00179615
a_subj(HC.hoarding).40            1.60757   0.0649567     1.48937     1.5635    1.60475     1.65013     1.7432   0.00134711
a_subj(HC.hoarding).41            1.64603    0.197005     1.34646    1.50844     1.6164     1.74623     2.1358    0.0126807
a_subj(HC.hoarding).42            1.03829   0.0808239    0.893147   0.965483    1.05394     1.10133     1.1737   0.00639672
a_subj(HC.hoarding).43            1.33405   0.0531793     1.23664    1.29702    1.33147      1.3679    1.44649   0.00116236
a_subj(HC.hoarding).44            1.45681   0.0598505     1.34646    1.41416    1.45468     1.49736    1.57539   0.00139206
a_subj(HC.hoarding).45            1.49652   0.0601452     1.38121    1.45528    1.49476       1.536    1.61676   0.00125936
a_subj(HC.hoarding).46            1.18126   0.0648296     1.06293    1.13673    1.17809     1.22239    1.31593   0.00193562
a_subj(HC.hoarding).47            1.00275   0.0667725    0.885841   0.957657   0.996603     1.04567     1.1471   0.00232004
a_subj(HC.hoarding).48           0.843977   0.0380119    0.772582    0.81746   0.843505    0.868964   0.921429  0.000846688
a_subj(HC.hoarding).49            1.30793     0.05881     1.19316    1.26791    1.30784     1.34769    1.42543   0.00131004
a_subj(HC.hoarding).50            1.81811   0.0739184     1.68207    1.76601    1.81423     1.86742    1.97154   0.00146114
a_subj(HC.hoarding).51           0.906993   0.0483514    0.821851   0.874092   0.904322    0.936283    1.01398   0.00141541
a_subj(HC.hoarding).52            1.67576   0.0839742     1.52187    1.61746    1.67292     1.72941    1.84856   0.00191728
a_subj(HC.neutral).10              3.4553    0.312756     2.83652    3.24815    3.46489     3.66653    4.05097    0.0163494
a_subj(HC.neutral).12             3.59248    0.556907     2.66182    3.17923     3.5387     3.96741     4.7393    0.0440841
a_subj(HC.neutral).13             2.60252     0.26774     2.12284    2.41553     2.5894     2.76947    3.17283     0.015598
a_subj(HC.neutral).14              3.3325    0.421585     2.59625    3.02379    3.29867     3.61325    4.21379    0.0268061
a_subj(HC.neutral).15              2.4186    0.253135     1.97808    2.23819    2.40337     2.58424    2.96214    0.0143539
a_subj(HC.neutral).16             2.78183    0.265567     2.29249    2.59752    2.77683     2.95817    3.32469    0.0125797
a_subj(HC.neutral).17             1.98174    0.213167     1.59926    1.83512    1.96321     2.10835    2.45929    0.0119031
a_subj(HC.neutral).19             2.92843    0.242139     2.45649    2.76297    2.92684     3.09326    3.40514    0.0111543
a_subj(HC.neutral).20             3.83677    0.351279     3.19963    3.58646    3.82221     4.08151    4.53344     0.017522
a_subj(HC.neutral).21             2.62372    0.178893     2.28389    2.50247     2.6228     2.73853    2.98465   0.00637598
a_subj(HC.neutral).23             1.75851     0.17694     1.45022    1.63457    1.74143     1.86355    2.15267   0.00973865
a_subj(HC.neutral).24             2.54563      0.3575     1.89145    2.30122    2.52903     2.76916    3.31171    0.0272609
a_subj(HC.neutral).25             2.25703    0.250285     1.83037    2.06957    2.23465     2.42829    2.78178    0.0140324
a_subj(HC.neutral).26             2.05156    0.200531     1.70722     1.9017    2.03635     2.18215     2.4896    0.0107846
a_subj(HC.neutral).28             2.03806    0.250959     1.60019    1.85843    2.02512     2.19962    2.57669    0.0161409
a_subj(HC.neutral).31             2.03136    0.255738     1.57975    1.85436    2.01139      2.1911    2.59454    0.0171244
a_subj(HC.neutral).32             2.05954    0.224418     1.68058    1.89814    2.03605     2.20345    2.55037    0.0135077
a_subj(HC.neutral).33             2.52429    0.204603     2.15046    2.38005    2.51793     2.66349      2.938    0.0087265
a_subj(HC.neutral).34             1.94927    0.204377     1.61163    1.79765     1.9276     2.07884    2.41393    0.0109477
a_subj(HC.neutral).39             3.24504      0.4007     2.54716    2.95956    3.20959      3.5006    4.10756    0.0251436
a_subj(HC.neutral).40             1.54212    0.183292     1.25368    1.41402    1.52127     1.63744    1.96648    0.0117905
a_subj(HC.neutral).41             1.82157    0.191433     1.50086    1.68159    1.80041     1.94531    2.24071    0.0104476
a_subj(HC.neutral).43             1.48692    0.128652     1.26601    1.39673    1.47683     1.56311    1.77462   0.00600638
a_subj(HC.neutral).44             2.61036    0.303655     2.06865    2.39418    2.59304     2.80666    3.23704     0.018067
a_subj(HC.neutral).46              1.5146    0.155684     1.26434    1.40424    1.49453     1.60204    1.87298   0.00788691
a_subj(HC.neutral).48             1.75468    0.281335      1.3454    1.56384    1.70632      1.8861    2.45256    0.0223553
a_subj(HC.neutral).49             2.51776    0.312843     1.98572    2.29584    2.49265     2.71537    3.19386    0.0219981
a_subj(HC.neutral).52              1.5833    0.214581     1.24822    1.43033    1.55894      1.7043    2.07602    0.0145248
a_subj(HC.neutral).53             2.55254    0.335698     1.94189    2.31539    2.53048     2.76845    3.28393    0.0250345
a_subj(HC.neutral).54             2.61928    0.240649     2.19031    2.44958    2.60628     2.77262    3.13052    0.0122861
a_subj(HC.neutral).55             2.06734    0.229332     1.67097    1.89847    2.05225     2.22432    2.53989    0.0133268
a_subj(HC.neutral).56             2.53274    0.236398      2.1033    2.36665    2.51944     2.68647     3.0262    0.0118809
a_subj(HC.neutral).57             2.64448    0.215704     2.24677     2.4918    2.63453     2.78454    3.08833    0.0082269
a_subj(HC.neutral).58             2.07734    0.337364     1.45976    1.84584    2.06972     2.28084    2.86458    0.0268534
a_subj(HC.neutral).59             2.29844    0.268479     1.82949    2.10806    2.28507     2.46285    2.91532    0.0176817
a_subj(HC.neutral).60             2.71496    0.227313     2.30533    2.55382    2.70635     2.86254    3.19333   0.00970886
a_subj(HC.neutral).61             2.05122    0.216458     1.70144    1.89702    2.02698      2.1895    2.53244    0.0110819
a_subj(HC.neutral).62             1.98721    0.214484     1.59934    1.83904    1.96927     2.11768    2.45126    0.0128141
v(DDA.hoarding)                   1.68932     0.98778   0.0318418     1.0633    1.60489     2.20613    3.63819    0.0567757
v(DDA.neutral)                    5.20539     0.74358     3.76151    4.70092    5.21384     5.69939    6.68232    0.0182633
v(HC.hoarding)                    2.55255    0.372254     1.85189    2.29758    2.54431       2.807    3.28991    0.0109526
v(HC.neutral)                     6.54493    0.370305     5.82378    6.29638    6.54052      6.7904    7.27261   0.00929244
v_std                              2.2275    0.198414     1.86428    2.09103    2.21567     2.34987    2.64174    0.0069472
v_subj(DDA.hoarding).1            8.46087    0.799901      6.8896    7.93562      8.449     8.98905    10.0435    0.0221788
v_subj(DDA.hoarding).2            1.19681     2.26223      -1.078  -0.359725 -0.0859712     2.49776    6.86904     0.155953
v_subj(DDA.hoarding).3            1.21279     1.56853   -0.932835   0.198846   0.780874     1.91233    5.26975    0.0627025
v_subj(DDA.hoarding).4            1.72147    0.542226     1.19956    1.46737    1.64072     1.83064    2.79785     0.036813
v_subj(DDA.hoarding).5          -0.968847     1.35589    -3.09259   -1.56366  -0.961971   -0.569783    2.67028    0.0852232
v_subj(DDA.hoarding).6            1.46462     1.00014    0.488211   0.865942    1.20837     1.76437    4.09765    0.0679012
v_subj(DDA.hoarding).7           0.609197    0.594228    0.287801   0.453337   0.543223     0.63958   0.943204    0.0482894
v_subj(DDA.hoarding).8            0.12095     1.48234    -2.38842  -0.611644 -0.0480971    0.597349    3.57954      0.07231
v_subj(DDA.hoarding).9            1.03746     1.43279   0.0600835   0.344667   0.514602    0.942255     5.7081     0.093888
v_subj(DDA.neutral).1             10.6947     1.36478     6.50167    10.0999    10.8068     11.4843    13.0544      0.10088
v_subj(DDA.neutral).2             4.33614    0.318682     3.71338    4.13752    4.33409     4.53827    4.97628    0.0146277
v_subj(DDA.neutral).3              4.6471    0.472864     3.74568    4.33255    4.62549     4.93913    5.66293      0.02433
v_subj(DDA.neutral).4             4.08825    0.307414     3.49687     3.8767    4.08146     4.29349    4.71593    0.0109651
v_subj(DDA.neutral).5             5.27805    0.438268     4.45733    4.98284    5.26724     5.55496    6.19867    0.0263777
v_subj(DDA.neutral).6               6.994    0.553999     5.90849     6.6314     6.9847     7.36143    8.07826    0.0302816
v_subj(DDA.neutral).7               5.172    0.418745     4.40271    4.88278    5.15394     5.44414    6.06542    0.0181078
v_subj(DDA.neutral).8             3.59488    0.296633     3.03219    3.39275    3.58834     3.78418    4.19408    0.0120337
v_subj(DDA.neutral).9             3.97934    0.307515     3.37435     3.7725    3.98044     4.17752    4.60678    0.0147557
v_subj(HC.hoarding).10            1.01369     0.36679    0.586616    0.83102   0.967965     1.12852    1.69161    0.0168812
v_subj(HC.hoarding).11            2.91889    0.315706     2.36725    2.70741    2.89977     3.11031    3.58268   0.00893009
v_subj(HC.hoarding).12            1.27825     1.80642    -1.35969 -0.0577306   0.750495     2.47674    5.25074    0.0622242
v_subj(HC.hoarding).13            1.39128    0.655162    0.368764   0.893991     1.3133     1.82856    2.79608    0.0191064
v_subj(HC.hoarding).14             4.3321     1.14997     1.76783    3.66615    4.49785     5.11033    6.30524    0.0757211
v_subj(HC.hoarding).15            1.53986    0.921415    0.650594   0.978476    1.22132     1.71858    4.27349    0.0448747
v_subj(HC.hoarding).16            8.16512    0.996445      6.2011    7.48239    8.16178     8.82596    10.1462    0.0286582
v_subj(HC.hoarding).17            3.39568    0.599385     2.40657     2.9769    3.33004     3.73546    4.79821    0.0191609
v_subj(HC.hoarding).18            4.09306    0.561612     3.05945    3.69505    4.07089     4.45729    5.25513    0.0207619
v_subj(HC.hoarding).19            2.10644    0.262187     1.61843    1.92744     2.1049     2.27413     2.6284   0.00633667
v_subj(HC.hoarding).20            1.17892    0.214608    0.810955    1.03193    1.16057     1.30783    1.64228   0.00525811
v_subj(HC.hoarding).21            1.73549    0.780801    0.605682    1.08622     1.6476     2.25135    3.41072    0.0389551
v_subj(HC.hoarding).22            1.55135      1.8926   -0.947569    0.14585   0.946368     2.74401    6.09426    0.0745041
v_subj(HC.hoarding).23            10.4333    0.874583     8.68754    9.87673    10.4447     11.0441    12.1274    0.0469979
v_subj(HC.hoarding).24            1.81819    0.548124     1.01624    1.42891    1.71778     2.09112     3.1719    0.0164756
v_subj(HC.hoarding).25            1.90961     1.43908    0.447738   0.705136    1.00405     3.11299    4.95693     0.115157
v_subj(HC.hoarding).26            1.44862    0.270018    0.965164    1.26959    1.43261     1.61225    2.00089    0.0055416
v_subj(HC.hoarding).27           0.857013     1.11368   -0.738818   0.113853   0.594316     1.41042    3.73532    0.0314844
v_subj(HC.hoarding).28            1.74181    0.692356    0.837511    1.25394    1.58839     2.05646    3.57389    0.0300061
v_subj(HC.hoarding).29            2.47814    0.302244     1.90268    2.27485    2.47668     2.67034    3.10838   0.00627586
v_subj(HC.hoarding).30            1.61053    0.435272    0.878909    1.30298    1.57168     1.87895    2.58248     0.010975
v_subj(HC.hoarding).31            2.58558    0.786577     1.36321    1.98879     2.4985     3.10696    4.25214     0.034551
v_subj(HC.hoarding).32            1.93462      1.1631    0.674163    1.01803    1.57992     2.54021    4.92524    0.0773579
v_subj(HC.hoarding).33            1.45451    0.200571     1.08496    1.32131    1.44572     1.58063    1.86357   0.00400869
v_subj(HC.hoarding).34          -0.753484    0.347817      -1.336  -0.928526  -0.748733   -0.578072  -0.213192   0.00709886
v_subj(HC.hoarding).35            1.39539    0.204742     1.01024    1.25641    1.38874     1.52576    1.82161   0.00365075
v_subj(HC.hoarding).36            3.95119    0.436726     3.16539     3.6435    3.93096     4.23633    4.85583    0.0128293
v_subj(HC.hoarding).37            1.93488    0.206943     1.53045    1.79294    1.92995     2.06841    2.35751   0.00545284
v_subj(HC.hoarding).38            2.58775    0.376701     1.99031     2.3192    2.53518      2.8051    3.44973    0.0123802
v_subj(HC.hoarding).39            1.79404     1.06195    0.652805    1.01983    1.45585     2.28166    4.61088    0.0601491
v_subj(HC.hoarding).40             1.4089     1.74812   -0.838745  0.0482632   0.986573     2.45407    5.58353    0.0544085
v_subj(HC.hoarding).41            6.57243    0.559492     5.51326     6.1816     6.5528     6.96045    7.71618    0.0243573
v_subj(HC.hoarding).42            3.71956     1.10531     1.88429    2.93873    3.58582     4.36962    6.20566    0.0430993
v_subj(HC.hoarding).43           0.611967    0.990244    -1.16356   0.106332   0.389562     1.01771    3.06555    0.0188532
v_subj(HC.hoarding).44            1.28636    0.661931    0.490106   0.791563     1.0917     1.66321    2.87949    0.0286616
v_subj(HC.hoarding).45            1.10845     2.08638    -2.41966  -0.113813   0.432347     2.52883    5.72017     0.113267
v_subj(HC.hoarding).46            3.54431    0.336845      2.9132    3.30852    3.53336     3.77809    4.21521    0.0103193
v_subj(HC.hoarding).47            6.34129    0.723112     5.03684    5.85815    6.28885     6.78011    7.87099    0.0247827
v_subj(HC.hoarding).48            2.29091    0.608505     1.39898     1.8877    2.19954     2.55887    3.80845    0.0220931
v_subj(HC.hoarding).49            2.09233    0.249393      1.6134     1.9219    2.09037     2.25809    2.59817   0.00554521
v_subj(HC.hoarding).50           0.769802    0.334264    0.422484   0.607685   0.716928    0.841078    1.49501    0.0142802
v_subj(HC.hoarding).51            3.88587    0.955547     2.25739    3.21234    3.81606     4.46488    5.96635    0.0387257
v_subj(HC.hoarding).52            2.25135    0.256876     1.78133    2.07632     2.2421     2.41452    2.79156   0.00746405
v_subj(HC.neutral).10             4.26229    0.307917     3.65233    4.06255    4.26066     4.46271     4.8741    0.0126545
v_subj(HC.neutral).12             7.69918    0.726397     6.31115    7.20231    7.66988     8.16684    9.25285     0.044804
v_subj(HC.neutral).13              5.5591    0.433211     4.75485    5.25908    5.54442     5.84421    6.44699    0.0197243
v_subj(HC.neutral).14             5.63393    0.462414       4.761    5.31817    5.62221     5.95409    6.54285    0.0236936
v_subj(HC.neutral).15             5.74888     0.55913     4.70437    5.37092    5.73158     6.11478    6.90571     0.028009
v_subj(HC.neutral).16             6.75913    0.545685     5.69806    6.38798    6.74806     7.12682    7.87342    0.0223684
v_subj(HC.neutral).17             6.11401     0.53569     5.17205    5.75246    6.08204     6.44815    7.29736    0.0194454
v_subj(HC.neutral).19             5.87338    0.429404     5.03313    5.57652    5.87493     6.16469    6.71318    0.0176068
v_subj(HC.neutral).20             3.81244    0.308277     3.24643    3.59627    3.81267     4.02638    4.41943    0.0126593
v_subj(HC.neutral).21              3.6786    0.274984      3.1522    3.48809    3.67742     3.87204    4.21122    0.0078781
v_subj(HC.neutral).23             6.84862    0.748153      5.5902    6.36039    6.76398     7.24866    8.63971    0.0370562
v_subj(HC.neutral).24             9.50515    0.810699     7.97709     8.9552    9.47549     10.0366    11.1458    0.0490926
v_subj(HC.neutral).25             5.74476    0.499261     4.81305    5.40436    5.72022     6.08214    6.77242    0.0219073
v_subj(HC.neutral).26             6.00532    0.475929     5.10594    5.66919    5.99039     6.32373    7.00196    0.0202785
v_subj(HC.neutral).28             8.65939    0.701118     7.25763    8.19305    8.63797      9.1085    10.0711    0.0348167
v_subj(HC.neutral).31             6.83013    0.557116     5.81902    6.44073     6.8087     7.20442    7.96642    0.0268306
v_subj(HC.neutral).32             6.68757    0.550176     5.66527    6.30275     6.6717     7.06178    7.78934    0.0257159
v_subj(HC.neutral).33             3.98492     0.32722     3.37447    3.75571    3.97343     4.19699    4.66045    0.0100796
v_subj(HC.neutral).34             6.46786    0.575281     5.41242    6.06889    6.42825     6.85342    7.65235    0.0238417
v_subj(HC.neutral).39              5.7062    0.471719     4.77132    5.40583     5.7023     6.01378    6.64657    0.0229593
v_subj(HC.neutral).40             7.67416    0.607552     6.51454    7.27981    7.66028     8.04438    8.93677    0.0252928
v_subj(HC.neutral).41             6.82581    0.564186     5.75037    6.44244    6.82547     7.20443    7.94365    0.0218686
v_subj(HC.neutral).43             6.58333     0.62227     5.50559    6.15732    6.53629     6.94264    7.98635    0.0226003
v_subj(HC.neutral).44             5.21236    0.421919     4.37247    4.92274    5.20533     5.49347    6.05748    0.0193125
v_subj(HC.neutral).46             7.71628    0.737477     6.23762    7.22048     7.7203     8.20651    9.19016    0.0258926
v_subj(HC.neutral).48               8.819    0.774966     7.38755    8.28307    8.78228     9.31702    10.4861    0.0479315
v_subj(HC.neutral).49              10.443      0.9979     8.60982    9.76397    10.3758     11.0478    12.5805    0.0592371
v_subj(HC.neutral).52             7.49309     0.65574     6.29619     7.0364    7.46995     7.90629    8.79475    0.0342511
v_subj(HC.neutral).53             10.1783    0.877124     8.30912    9.63682    10.2306     10.7804     11.795    0.0573248
v_subj(HC.neutral).54             5.07945    0.404153     4.33038    4.79797    5.07051     5.34681    5.89548    0.0153356
v_subj(HC.neutral).55             6.66374    0.542878     5.65468    6.28587    6.65713     7.02315    7.74461    0.0254416
v_subj(HC.neutral).56             5.12083    0.470969     4.20249    4.79936    5.12278     5.44296    6.01724    0.0155908
v_subj(HC.neutral).57             3.63898    0.288907     3.08989    3.44824    3.63346     3.82513    4.23858      0.00922
v_subj(HC.neutral).58             10.4192    0.840687     8.71868    9.87292    10.4194     10.9765    12.0761        0.051
v_subj(HC.neutral).59             10.0293    0.756202     8.57541    9.51379    10.0249     10.5147    11.5998    0.0402018
v_subj(HC.neutral).60             4.10088    0.303541     3.50677    3.89707    4.10454     4.30606    4.69859   0.00928328
v_subj(HC.neutral).61             6.70951    0.637069     5.57789    6.25847    6.66629     7.12051    8.08945    0.0272913
v_subj(HC.neutral).62             6.71509    0.562647     5.62707    6.33819    6.69837     7.07934    7.86984    0.0261511
t(DDA.hoarding)                  0.301369   0.0256175    0.250276   0.284089    0.30149    0.318828   0.351027  0.000449136
t(DDA.neutral)                   0.154242   0.0289069   0.0968389   0.135035   0.154175    0.174081   0.212944   0.00118408
t(HC.hoarding)                   0.241529   0.0121339    0.218847   0.233423   0.241208    0.249129   0.266844  0.000251411
t(HC.neutral)                    0.139214   0.0124963    0.115292   0.130599   0.139027    0.147334   0.164784   0.00042471
t_std                            0.081536  0.00779755   0.0682969  0.0758522  0.0809337   0.0864411  0.0982327  0.000265518
t_subj(DDA.hoarding).1           0.248279  0.00443283    0.238032    0.24583   0.248658    0.251135   0.255789  0.000129757
t_subj(DDA.hoarding).2           0.389172   0.0167877     0.35306   0.379032   0.390144    0.400369   0.419536  0.000347602
t_subj(DDA.hoarding).3           0.199589  0.00902354    0.180179   0.194155   0.200331    0.205822   0.215022  0.000208767
t_subj(DDA.hoarding).4           0.299622   0.0142164    0.270424   0.290885   0.300146    0.309303   0.325122   0.00030463
t_subj(DDA.hoarding).5           0.293907   0.0131499    0.268549   0.285278   0.293615     0.30201   0.320969  0.000283405
t_subj(DDA.hoarding).6           0.306405   0.0103054    0.285321   0.300146   0.306728    0.312705    0.32797  0.000207531
t_subj(DDA.hoarding).7           0.278523   0.0423681    0.197047    0.24836   0.280796    0.311208   0.357115   0.00113781
t_subj(DDA.hoarding).8            0.24915   0.0134536    0.219493   0.240996   0.249866    0.258062   0.273932  0.000269251
t_subj(DDA.hoarding).9           0.373073   0.0169001    0.337438   0.362484   0.374124    0.384003   0.403826  0.000381337
t_subj(DDA.neutral).1            0.226981   0.0211889    0.170538   0.216569   0.230563    0.241428    0.25802   0.00152775
t_subj(DDA.neutral).2            0.182828   0.0436533   0.0916961   0.155072   0.184056    0.213015   0.263474   0.00243445
t_subj(DDA.neutral).3           0.0749472   0.0272484   0.0219637  0.0553802  0.0757152   0.0940034   0.126195   0.00111725
t_subj(DDA.neutral).4           0.0767047   0.0302668   0.0206087  0.0556228  0.0756204   0.0975636   0.137731   0.00129863
t_subj(DDA.neutral).5            0.454597   0.0982771    0.250068   0.381035   0.473659    0.535816   0.596009   0.00786814
t_subj(DDA.neutral).6            0.153257   0.0308842    0.089146   0.132819    0.15324    0.174525   0.212216   0.00197545
t_subj(DDA.neutral).7           0.0744403    0.026537   0.0213743  0.0560955  0.0749137   0.0935049   0.124075   0.00134837
t_subj(DDA.neutral).8           0.0974426   0.0363544   0.0278445   0.071835  0.0976282    0.122322   0.168549   0.00163605
t_subj(DDA.neutral).9             0.27471   0.0642847     0.14161   0.233391   0.278663    0.320036   0.390293   0.00375245
t_subj(HC.hoarding).10           0.330587   0.0136713    0.300726   0.322672   0.331946    0.340051   0.352989  0.000299182
t_subj(HC.hoarding).11           0.315001   0.0139649    0.285383    0.30595    0.31596    0.325085   0.339739  0.000333825
t_subj(HC.hoarding).12           0.584252  0.00867131    0.570503   0.579654   0.583734     0.58733   0.616081  0.000353276
t_subj(HC.hoarding).13           0.163106   0.0102281    0.141348   0.156911   0.163741    0.170326   0.180946  0.000232972
t_subj(HC.hoarding).14           0.302124   0.0142092    0.272816   0.293521   0.302424    0.310561   0.329183  0.000335893
t_subj(HC.hoarding).15           0.281577  0.00738968    0.265752   0.277194    0.28192    0.286845   0.294959  0.000175963
t_subj(HC.hoarding).16           0.191454   0.0128808    0.165631   0.184449   0.192874    0.200159   0.217141  0.000411006
t_subj(HC.hoarding).17           0.215596  0.00615777    0.204384   0.211235   0.214973    0.220282   0.227228  0.000163508
t_subj(HC.hoarding).18           0.298166  0.00985296    0.278874   0.292137   0.298187    0.304382   0.318275  0.000274283
t_subj(HC.hoarding).19           0.243912    0.012934    0.206231   0.238787   0.246059    0.252187   0.261905  0.000391166
t_subj(HC.hoarding).20           0.266415   0.0224562    0.220843   0.249287   0.269538    0.284205   0.302438  0.000620042
t_subj(HC.hoarding).21           0.349795   0.0222702    0.295951   0.337731   0.351822    0.364191   0.389434  0.000486361
t_subj(HC.hoarding).22           0.251615  0.00797811    0.236919   0.246431   0.250776    0.256662   0.267842  0.000163105
t_subj(HC.hoarding).23           0.230753   0.0125422    0.203547   0.222957   0.231722    0.239943   0.251799  0.000749774
t_subj(HC.hoarding).24           0.245149  0.00379891    0.236935    0.24282   0.245443    0.247899   0.251661  7.89531e-05
t_subj(HC.hoarding).25           0.116026   0.0105293   0.0933872   0.109446   0.116704    0.123451   0.134994  0.000216858
t_subj(HC.hoarding).26           0.141224  0.00539431    0.129511   0.137871   0.141635    0.144959   0.150352  0.000104754
t_subj(HC.hoarding).27           0.250625  0.00915049    0.232714   0.244093   0.251035    0.257451   0.267595  0.000232525
t_subj(HC.hoarding).28           0.363101   0.0197314    0.321826   0.352403   0.362794    0.373717   0.404521  0.000409583
t_subj(HC.hoarding).29           0.162119  0.00518769    0.151069   0.159225   0.162383    0.165364   0.171037  0.000123585
t_subj(HC.hoarding).30           0.196619   0.0134104    0.173305   0.187614   0.195022    0.204303   0.226286  0.000323488
t_subj(HC.hoarding).31           0.202464  0.00970401    0.175891   0.199702    0.20501    0.208746   0.214287   0.00025293
t_subj(HC.hoarding).32           0.283829   0.0228349    0.241824   0.269343    0.28258    0.297376   0.334997  0.000479005
t_subj(HC.hoarding).33           0.305968   0.0134805    0.276887   0.297557   0.306952    0.315462    0.32904  0.000317814
t_subj(HC.hoarding).34           0.165749  0.00634881    0.151934   0.161748   0.166298    0.170264   0.176674  0.000138173
t_subj(HC.hoarding).35           0.197709   0.0137044    0.166331   0.190174   0.198943    0.206666   0.222094  0.000307549
t_subj(HC.hoarding).36           0.240957  0.00661661    0.226696   0.237206   0.241619    0.245537   0.251985   0.00017301
t_subj(HC.hoarding).37           0.226126   0.0107554    0.202479   0.219566   0.226922    0.233692   0.244981  0.000235679
t_subj(HC.hoarding).38           0.204186   0.0145794    0.180175   0.194055   0.201878    0.211934   0.236255  0.000407721
t_subj(HC.hoarding).39           0.225055   0.0233615    0.188517   0.209662    0.22065    0.238264   0.279951  0.000615995
t_subj(HC.hoarding).40            0.26254   0.0187738    0.220737   0.251744   0.265961    0.275828   0.291499  0.000415942
t_subj(HC.hoarding).41           0.278803   0.0189592    0.230329   0.271736   0.282501    0.290752   0.303703   0.00118278
t_subj(HC.hoarding).42           0.227406   0.0293553    0.192648   0.202919   0.210019    0.261796      0.271   0.00260333
t_subj(HC.hoarding).43           0.113457   0.0106265   0.0902129    0.10667   0.114187    0.121105   0.132277  0.000244431
t_subj(HC.hoarding).44           0.313245   0.0130688    0.288067    0.30468   0.312979    0.321808   0.339282  0.000297807
t_subj(HC.hoarding).45           0.179862   0.0157099    0.149639   0.169148   0.179156    0.190829    0.20959  0.000337434
t_subj(HC.hoarding).46           0.171163   0.0057798    0.159021   0.167463   0.171582    0.175185   0.181267  0.000153405
t_subj(HC.hoarding).47           0.239051  0.00557656    0.225641   0.236568   0.240174    0.242899   0.247222  0.000178601
t_subj(HC.hoarding).48           0.220483  0.00501638    0.209313   0.217339   0.221347     0.22398   0.228901   0.00010681
t_subj(HC.hoarding).49           0.133461  0.00996926    0.113919   0.126211   0.133686    0.141268   0.150681  0.000213577
t_subj(HC.hoarding).50           0.149011   0.0170111    0.112843   0.137989   0.150454    0.160788   0.179311   0.00034631
t_subj(HC.hoarding).51           0.202983  0.00756777    0.180393   0.201258   0.204476    0.206946   0.211465  0.000256833
t_subj(HC.hoarding).52           0.221636   0.0107389    0.197863   0.215032   0.222662    0.229179   0.240025  0.000235744
t_subj(HC.neutral).10           0.0835884   0.0396574   0.0210962  0.0553391  0.0782643    0.105781   0.179972   0.00193777
t_subj(HC.neutral).12            0.560695   0.0580999    0.442983   0.519902   0.566083    0.605296   0.655638   0.00454636
t_subj(HC.neutral).13           0.0920663   0.0241866    0.040828  0.0761242  0.0934056    0.109062   0.135414   0.00130748
t_subj(HC.neutral).14            0.176532   0.0414912   0.0868147   0.149768   0.179685    0.207015   0.248255   0.00242113
t_subj(HC.neutral).15             0.15106   0.0273561   0.0947526   0.134395   0.151612    0.168688   0.204571   0.00144248
t_subj(HC.neutral).16           0.0529574   0.0187311   0.0179607  0.0399056  0.0527216   0.0654676  0.0897148  0.000755647
t_subj(HC.neutral).17            0.180127   0.0202887    0.136625   0.167967   0.181457    0.193724   0.218025    0.0010923
t_subj(HC.neutral).19           0.0403163   0.0182158   0.0102099  0.0274639  0.0387089   0.0514623  0.0775125  0.000717214
t_subj(HC.neutral).20            0.114932   0.0414339   0.0378237  0.0842787   0.114933    0.144119   0.194368   0.00173754
t_subj(HC.neutral).21            0.056809   0.0222536   0.0166349  0.0412376  0.0560757   0.0711297   0.104064  0.000718534
t_subj(HC.neutral).23            0.130003   0.0159414   0.0948713   0.119709    0.13195    0.141537   0.156285  0.000822132
t_subj(HC.neutral).24            0.143554   0.0232445   0.0967698   0.128528    0.14322    0.159798   0.189132   0.00168176
t_subj(HC.neutral).25           0.0894966   0.0222425    0.043661  0.0743625  0.0912467    0.105668   0.128583   0.00118003
t_subj(HC.neutral).26           0.0513366   0.0164636   0.0165704  0.0401704  0.0524533   0.0633706  0.0809254   0.00083011
t_subj(HC.neutral).28            0.173928   0.0160962    0.140025   0.163398   0.174972    0.185731   0.201895  0.000988902
t_subj(HC.neutral).31            0.159244   0.0242659    0.109752   0.142771   0.158326     0.17768   0.203269   0.00152222
t_subj(HC.neutral).32            0.081361   0.0173904   0.0428222  0.0707579  0.0832202   0.0938735   0.110551  0.000965247
t_subj(HC.neutral).33           0.0853376   0.0260828   0.0329285  0.0679053  0.0863165    0.103977   0.132994   0.00103563
t_subj(HC.neutral).34           0.0945091   0.0168948   0.0569151  0.0837002  0.0960727    0.106981   0.122758  0.000824655
t_subj(HC.neutral).39            0.172065    0.043508   0.0792216   0.144628   0.174708    0.200913   0.252445   0.00254311
t_subj(HC.neutral).40            0.182063   0.0141188    0.149084   0.174759   0.183942    0.191711   0.203489  0.000891762
t_subj(HC.neutral).41           0.0941767   0.0156929   0.0594343  0.0843983  0.0960968    0.105658   0.119475  0.000824074
t_subj(HC.neutral).43            0.123632   0.0121623   0.0964654   0.116316   0.124513    0.132262   0.144619  0.000545587
t_subj(HC.neutral).44            0.111235   0.0303007   0.0470919  0.0916804   0.113241    0.133277   0.165064   0.00172747
t_subj(HC.neutral).46            0.188237    0.012198    0.160275    0.18137   0.189875     0.19685   0.207678  0.000580799
t_subj(HC.neutral).48            0.171753   0.0191024    0.121469   0.164129   0.175685    0.184267   0.198627    0.0014813
t_subj(HC.neutral).49            0.076913   0.0164504   0.0426947  0.0664513   0.077833    0.088838   0.105311   0.00104911
t_subj(HC.neutral).52            0.238703   0.0157545    0.202592   0.229573   0.240578    0.249988   0.264041   0.00102603
t_subj(HC.neutral).53            0.137962   0.0200113   0.0958091   0.124925   0.139642      0.1521    0.17359    0.0014097
t_subj(HC.neutral).54           0.0937381   0.0255786   0.0428744  0.0769342  0.0937334    0.111205   0.143675   0.00115818
t_subj(HC.neutral).55           0.0608839   0.0177688   0.0247707  0.0484992  0.0619849   0.0739225   0.092661  0.000966044
t_subj(HC.neutral).56            0.160224    0.033189   0.0963317   0.137959   0.159075    0.182552   0.225105   0.00159599
t_subj(HC.neutral).57           0.0940228   0.0300069   0.0348454  0.0733937  0.0949202    0.115227   0.150239    0.0010786
t_subj(HC.neutral).58            0.149586   0.0221936    0.100183   0.135364    0.14965    0.164881    0.19161   0.00172167
t_subj(HC.neutral).59            0.132143   0.0148843   0.0984486   0.123376    0.13349    0.142547   0.157777  0.000927184
t_subj(HC.neutral).60            0.113716   0.0286108   0.0527981  0.0948853   0.115419    0.133752   0.166372   0.00114768
t_subj(HC.neutral).61           0.0858758   0.0171466   0.0484603   0.074736  0.0874348   0.0982627   0.114924   0.00080484
t_subj(HC.neutral).62            0.130322   0.0176189   0.0916016   0.119369     0.1317    0.142844   0.160356  0.000986491
alpha(DDA.hoarding)             -0.557238     1.45564    -3.45671   -1.49544  -0.579398    0.372868    2.38797    0.0729817
alpha(DDA.neutral)               -7.88511     1.52795    -11.0898   -8.86357   -7.81309    -6.77334    -5.2109     0.049758
alpha(HC.hoarding)              -0.241153    0.539979    -1.29238  -0.610422  -0.250833    0.108306    0.87295    0.0189497
alpha(HC.neutral)                -7.35623    0.883732    -9.30668   -7.90051   -7.27662    -6.73538   -5.83012    0.0418923
alpha_std                         2.85076    0.432309      2.1081    2.54942    2.80673     3.10667    3.82544    0.0239769
alpha_subj(DDA.hoarding).1       -1.78808    0.164189     -2.1074   -1.89859   -1.78854    -1.68523   -1.44372   0.00386987
alpha_subj(DDA.hoarding).2       -1.46854     3.74091    -7.61847   -4.49141   -2.14521     1.53514    5.75569     0.209401
alpha_subj(DDA.hoarding).3       -1.76436     3.38175    -7.72548   -4.08215   -2.38797    0.548693    5.22994      0.13047
alpha_subj(DDA.hoarding).4         1.9581     1.41752    0.145618    1.03819    1.61942     2.48216    5.83281    0.0343173
alpha_subj(DDA.hoarding).5       -1.32567      2.4112    -6.68905   -2.58029   -1.44057  -0.0880522    3.81456     0.113757
alpha_subj(DDA.hoarding).6      -0.598063     1.86468    -4.33056   -1.42336  -0.759063    0.128676    3.69109     0.101675
alpha_subj(DDA.hoarding).7        1.75533     2.20121     -1.7137   0.419472    1.57997     3.00968    6.34919     0.097288
alpha_subj(DDA.hoarding).8       -2.31701     3.46405    -8.08977   -4.75966   -2.85224   -0.138659    5.25883     0.132482
alpha_subj(DDA.hoarding).9      -0.169406     3.13734    -5.82825    -2.6085  -0.235445     2.03025     6.0615     0.135343
alpha_subj(DDA.neutral).1        -9.35964     2.35986    -14.4641   -10.7724    -9.0933    -7.62868    -5.6272    0.0723522
alpha_subj(DDA.neutral).2        -8.96105     2.51993    -14.6009   -10.5583   -8.61591    -7.06154   -5.07039    0.0604453
alpha_subj(DDA.neutral).3        -8.95861     2.46498    -14.5647   -10.4278   -8.63048    -7.11924   -5.08609    0.0599094
alpha_subj(DDA.neutral).4        -8.69285     2.67132    -14.6629    -10.341   -8.37033    -6.65972   -4.52862    0.0592952
alpha_subj(DDA.neutral).5        -8.82502     2.47687    -14.2656   -10.3918   -8.58862    -6.97948   -4.93032    0.0555187
alpha_subj(DDA.neutral).6        -8.11065      2.8106    -14.2882   -10.0216   -7.82761    -5.83605    -3.9253    0.0705551
alpha_subj(DDA.neutral).7        -7.97298     2.97276    -14.4855    -9.9683   -7.68187    -5.55705   -3.58744    0.0808378
alpha_subj(DDA.neutral).8        -8.91662     2.47564    -14.4745   -10.5193   -8.62817    -7.04243   -5.02419    0.0516227
alpha_subj(DDA.neutral).9        -8.52921     2.64378    -14.2474   -10.2077   -8.28994    -6.56366   -4.22472     0.060865
alpha_subj(HC.hoarding).10        1.18857     1.66424    -1.35133   0.171459   0.871183      1.9205    5.44816    0.0458131
alpha_subj(HC.hoarding).11      0.0861508    0.339982   -0.574088  -0.132439  0.0841031    0.310765   0.751876   0.00802268
alpha_subj(HC.hoarding).12       -3.12648     3.29601    -8.54907   -5.32336   -3.79362    -1.23386    4.44026     0.124547
alpha_subj(HC.hoarding).13       -1.21128     1.28552    -3.04753   -1.99511   -1.42172   -0.694843    2.14918    0.0374435
alpha_subj(HC.hoarding).14       -2.44396    0.809818    -3.34641   -2.98033   -2.72771    -2.21294   -0.33606    0.0556199
alpha_subj(HC.hoarding).15       0.319946     1.99196    -2.84464   -1.13065   0.181526     1.38304    5.01216    0.0845764
alpha_subj(HC.hoarding).16       -2.06848    0.218128    -2.48438    -2.2151    -2.0729    -1.92467   -1.64063   0.00503149
alpha_subj(HC.hoarding).17       0.880164    0.694143  -0.0849263   0.458736   0.771512     1.17813    2.46353    0.0152279
alpha_subj(HC.hoarding).18      -0.728881    0.345225     -1.3604  -0.969128  -0.748427   -0.502014 -0.0279848    0.0120933
alpha_subj(HC.hoarding).19        2.32025     1.49897    0.453082    1.31369    1.96177     2.94404    6.21298    0.0369261
alpha_subj(HC.hoarding).20        1.41424     1.47795   -0.486443   0.461947      1.074      1.9846    5.35421    0.0354669
alpha_subj(HC.hoarding).21       -1.65089     1.51143    -3.32235    -2.6319   -2.08496    -1.12232    2.53236    0.0762136
alpha_subj(HC.hoarding).22       -2.71676     2.85807    -7.28525    -4.5023   -3.27809    -1.46105    4.13742    0.0997437
alpha_subj(HC.hoarding).23       -6.51906     1.37307    -9.87226   -7.23256   -6.26558    -5.55263   -4.54898    0.0390277
alpha_subj(HC.hoarding).24       0.885713     2.06194    -2.09935  -0.570257    0.47684     2.00819    5.87116    0.0562377
alpha_subj(HC.hoarding).25      -0.174357     3.71476    -5.40779   -3.83196   0.843448     2.86747    6.19429     0.295755
alpha_subj(HC.hoarding).26        3.11018     1.62379    0.637202    1.93838    2.88105     3.99907    6.86454    0.0359612
alpha_subj(HC.hoarding).27       -2.03113     2.86153    -7.01352   -3.89396   -2.42244    -0.39372     4.4027    0.0697224
alpha_subj(HC.hoarding).28       -0.77943     1.10909     -2.4024    -1.4685  -0.921161   -0.296006    1.97736    0.0436641
alpha_subj(HC.hoarding).29       0.811012    0.702716   -0.228813   0.356678   0.721791     1.12507    2.38544    0.0144883
alpha_subj(HC.hoarding).30       -1.67006    0.684186    -2.82973    -2.1365   -1.72652    -1.27641  -0.157876    0.0173041
alpha_subj(HC.hoarding).31      -0.281953     1.19279    -1.76144   -1.05448  -0.543352    0.174239    2.91494    0.0445655
alpha_subj(HC.hoarding).32       0.133118    0.998742    -1.23611  -0.472194 -0.0313329    0.522674    2.64193    0.0362218
alpha_subj(HC.hoarding).33         1.1969     1.24413   -0.449157   0.449237   0.959867     1.60944    4.58138    0.0269281
alpha_subj(HC.hoarding).34        1.84399     2.05508    -1.84991   0.584187    1.61896     2.94404    6.40859    0.0502022
alpha_subj(HC.hoarding).35        2.28857     1.45786    0.291714    1.25748    1.98019     3.01229    5.92093     0.036252
alpha_subj(HC.hoarding).36      -0.209487    0.320333   -0.816999  -0.426581  -0.220821 -0.00173648     0.4382   0.00851149
alpha_subj(HC.hoarding).37        3.12047     1.52165     1.06682    2.03913    2.80046     3.89181    6.70051    0.0403059
alpha_subj(HC.hoarding).38        4.35074     1.50239     2.09954    3.30139    4.10646     5.15318    7.98097    0.0386728
alpha_subj(HC.hoarding).39       -1.56583     1.38625    -3.55624   -2.55043   -1.76589   -0.830336    1.57323    0.0695363
alpha_subj(HC.hoarding).40       -3.20185     2.87592    -7.84041   -4.95836   -3.76103    -1.98841     3.7708      0.10558
alpha_subj(HC.hoarding).41       -6.44578     1.39138     -9.8698    -7.1542   -6.21607    -5.45897   -4.44939    0.0325913
alpha_subj(HC.hoarding).42       -2.14607    0.436387    -2.96297   -2.44884   -2.15514    -1.86645    -1.2538    0.0143598
alpha_subj(HC.hoarding).43       -1.82352     2.96619    -7.14338   -3.77825   -2.20355  -0.0126473     4.5433    0.0633466
alpha_subj(HC.hoarding).44      -0.414493     2.27744    -3.59824   -2.07276   -0.92203    0.868814    5.20317    0.0876328
alpha_subj(HC.hoarding).45       -3.14208     3.51196    -8.73379   -5.82219   -3.70937   -0.782603    4.11491      0.15161
alpha_subj(HC.hoarding).46        2.75086     1.34554     1.12694    1.82658    2.38669     3.34199    6.23732    0.0344602
alpha_subj(HC.hoarding).47       -0.87696    0.264089    -1.38031   -1.05749  -0.881776    -0.70443  -0.341498   0.00831767
alpha_subj(HC.hoarding).48       0.899458     1.25843     -0.8311   0.134226   0.655889     1.36743    4.31392    0.0303141
alpha_subj(HC.hoarding).49        2.68168     1.43998    0.777274    1.68023    2.34899     3.32858     6.4277    0.0336801
alpha_subj(HC.hoarding).50        1.54833     1.86448    -1.70702   0.346155    1.29865     2.55112    5.91062     0.050285
alpha_subj(HC.hoarding).51       0.749711    0.885879   -0.453892   0.206538   0.598894     1.08559     3.0235    0.0205714
alpha_subj(HC.hoarding).52        1.85863     1.20152    0.417667    1.10021    1.56488     2.25259    5.31172    0.0279353
alpha_subj(HC.neutral).10        -8.54159     2.33027    -14.1107   -9.91276   -8.24281     -6.8002   -4.86418     0.057851
alpha_subj(HC.neutral).12        -7.77638     2.64045    -13.6173    -9.4581   -7.42794    -5.72115   -3.83992     0.119434
alpha_subj(HC.neutral).13        -8.39648       2.467    -13.8434   -9.92723   -8.10834    -6.53755   -4.51792    0.0623647
alpha_subj(HC.neutral).14        -8.68582     2.22173     -13.783   -10.0276   -8.42587    -7.02522   -5.28835     0.055527
alpha_subj(HC.neutral).15        -8.25689     2.46752    -13.9321    -9.7802   -7.94893    -6.38967   -4.51199    0.0677274
alpha_subj(HC.neutral).16        -8.60212     2.37118    -13.9668   -10.0219   -8.27605    -6.86998   -4.86871    0.0609398
alpha_subj(HC.neutral).17        -7.16289     2.73568    -13.3365   -8.91245   -6.71034    -4.92919   -3.32677    0.0658307
alpha_subj(HC.neutral).19         -8.5587      2.2751     -13.581   -9.95525   -8.25982    -6.87598   -4.91716    0.0577523
alpha_subj(HC.neutral).20        -8.11959     2.54188    -13.7868   -9.72756   -7.81989    -6.21912   -4.07746    0.0597478
alpha_subj(HC.neutral).21        -8.34728     2.46541    -13.9602   -9.85175   -8.03062    -6.52128   -4.47739    0.0592482
alpha_subj(HC.neutral).23        -7.78814     2.59317    -13.5899   -9.34609   -7.45359    -5.81579   -3.86671    0.0784456
alpha_subj(HC.neutral).24        -6.69277     2.79164     -13.095   -8.43926   -6.06751    -4.35591   -3.25619    0.0804687
alpha_subj(HC.neutral).25        -8.69687     2.32232    -14.0056   -10.1248   -8.37326    -6.96259   -5.19953    0.0574101
alpha_subj(HC.neutral).26        -7.97686     2.54589    -13.3517   -9.64677   -7.71097    -6.01572     -3.917    0.0695953
alpha_subj(HC.neutral).28        -7.89717     2.66834    -13.9598   -9.58006   -7.56689    -5.88753   -3.78102    0.0616627
alpha_subj(HC.neutral).31        -7.32563     2.69202    -13.2702   -9.07183   -6.98772    -5.11607   -3.45263    0.0696063
alpha_subj(HC.neutral).32        -8.65777     2.34472    -14.0484   -9.95921   -8.30395    -6.96466   -5.03706    0.0601194
alpha_subj(HC.neutral).33        -7.20359      2.7092    -13.1826   -8.94678   -6.80377    -5.00743   -3.37475    0.0653608
alpha_subj(HC.neutral).34         -8.2954     2.34956    -13.5468   -9.70775   -8.00128    -6.53699   -4.59827     0.054943
alpha_subj(HC.neutral).39        -2.79619    0.540578    -3.65237   -2.95015   -2.71764    -2.53642   -2.24731    0.0176097
alpha_subj(HC.neutral).40        -7.95053     2.48412    -13.5557   -9.44624   -7.66068     -6.1179   -4.08629    0.0601161
alpha_subj(HC.neutral).41        -7.76089     2.62199    -13.5654   -9.41556   -7.44853    -5.70013    -3.8264    0.0631645
alpha_subj(HC.neutral).43        -7.57813     2.64931    -13.4334   -9.29386   -7.24575    -5.45953    -3.7675    0.0674103
alpha_subj(HC.neutral).44        -8.58532     2.28972    -13.7811   -9.97714   -8.28045    -6.87592   -5.07303    0.0569394
alpha_subj(HC.neutral).46        -5.73849     2.59515    -12.1902   -7.15326   -4.65459    -3.76913    -3.1227    0.0844811
alpha_subj(HC.neutral).48        -7.97586       2.527    -13.7092   -9.53807   -7.70264    -6.09307    -3.9621    0.0543798
alpha_subj(HC.neutral).49        -3.65775     1.66486    -9.27784   -3.59742   -3.15053    -2.86723   -2.52084    0.0740298
alpha_subj(HC.neutral).52        -8.00565      2.5034    -13.4028   -9.54955   -7.74092    -6.15963    -3.9623    0.0593977
alpha_subj(HC.neutral).53        -8.92436     2.20529    -13.9388   -10.2746   -8.60531    -7.30798   -5.49283    0.0606136
alpha_subj(HC.neutral).54        -8.59939     2.38728    -14.0985   -10.0452   -8.29721    -6.84347   -4.91652    0.0593865
alpha_subj(HC.neutral).55        -8.26008     2.46141    -13.7905   -9.75882   -7.91926    -6.42834   -4.46893    0.0630816
alpha_subj(HC.neutral).56        -2.97246     1.17819    -5.61911   -3.02232   -2.73096    -2.52243   -2.22806    0.0431189
alpha_subj(HC.neutral).57        -7.34404     2.87573    -13.8682   -9.08094   -7.00394    -5.08994   -3.26951     0.078711
alpha_subj(HC.neutral).58        -8.28157     2.40874    -13.7149   -9.71512   -7.99245    -6.51493   -4.58897    0.0603062
alpha_subj(HC.neutral).59         -8.2343     2.40014    -13.7371   -9.63036    -7.9336    -6.44544   -4.55015    0.0598538
alpha_subj(HC.neutral).60        -8.54607     2.42886    -14.2758   -9.98603   -8.25132    -6.78753   -4.73788    0.0562982
alpha_subj(HC.neutral).61        -5.24716     2.42571    -11.4675   -6.32927    -4.1671    -3.54766   -3.01448    0.0706391
alpha_subj(HC.neutral).62        -7.34272      2.7011    -13.1199   -9.14864   -7.08946    -5.19939    -3.2349    0.0699242
pos_alpha(DDA.hoarding)           2.02188       2.464    -2.68212   0.427727    1.84258     3.63775    7.07918     0.161978
pos_alpha(DDA.neutral)           0.553506     1.15683    -1.67712  -0.191995    0.51347     1.31113    2.96199    0.0358999
pos_alpha(HC.hoarding)            3.07264     1.02483     1.04987      2.423    3.03243     3.67549    5.31541    0.0688538
pos_alpha(HC.neutral)             2.77157     0.99067    0.710596    2.12256    2.73782     3.40595    4.85331    0.0642405
pos_alpha_std                     2.96296      0.9122   0.0532235    2.56772    3.00006     3.48396    4.59204     0.077196
pos_alpha_subj(DDA.hoarding).1    4.25087     2.44064    0.989875    2.41175     3.8078     5.58505    10.1262     0.104738
pos_alpha_subj(DDA.hoarding).2   0.993661     4.50923    -5.19941   -3.41815    1.20402      4.5293    9.43757     0.301679
pos_alpha_subj(DDA.hoarding).3    1.28276     4.64402    -7.85649   -2.28315    1.57271     4.43428    9.90072      0.22639
pos_alpha_subj(DDA.hoarding).4    3.55201     2.83866     -0.7043    1.31634    3.04599      5.2869    10.1598     0.132354
pos_alpha_subj(DDA.hoarding).5    1.52878     4.17191    -6.04561   -1.97192    1.33043     4.52657    9.73768     0.222835
pos_alpha_subj(DDA.hoarding).6    1.88196     3.63551    -3.12682   -1.27506    1.23848      4.4338    9.98671     0.187368
pos_alpha_subj(DDA.hoarding).7    3.89673     2.95041   -0.128841    1.80365    3.48569     5.60695    10.3975     0.151396
pos_alpha_subj(DDA.hoarding).8    1.01701     4.64039    -7.85191   -2.64662    1.19957     4.38062    9.69344     0.245289
pos_alpha_subj(DDA.hoarding).9    1.61087     4.46391    -7.56467  -0.839083    1.66022     4.62649    9.78127     0.255598
pos_alpha_subj(DDA.neutral).1    -2.92249     0.96314    -3.53218   -3.24682   -3.12019    -2.98193     1.3081    0.0929468
pos_alpha_subj(DDA.neutral).2     2.62686     2.14117  -0.0239075    1.11795    2.03841     3.67739     8.2809    0.0656997
pos_alpha_subj(DDA.neutral).3    -2.02905    0.855939    -3.01329   -2.47641   -2.17829    -1.85657    1.31886    0.0741911
pos_alpha_subj(DDA.neutral).4     1.34875     2.24447   -0.903447  -0.206323   0.555698     2.13619    7.71769    0.0714508
pos_alpha_subj(DDA.neutral).5   -0.203685      1.1146    -1.43284  -0.820763  -0.431011   0.0633525    2.17644    0.0425233
pos_alpha_subj(DDA.neutral).6     2.68822     2.17328   -0.187302    1.15969    2.15028     3.87754    7.99093    0.0681731
pos_alpha_subj(DDA.neutral).7    0.342917     1.53575    -1.31878  -0.528164 -0.0612512    0.750342    4.55405     0.048876
pos_alpha_subj(DDA.neutral).8    0.393446      2.0416    -2.30058   -1.03236  0.0290122     1.31448    6.04623    0.0460146
pos_alpha_subj(DDA.neutral).9      3.2014      2.1843    0.191809    1.53752    2.79056     4.36175    8.79616    0.0741021
pos_alpha_subj(HC.hoarding).10    4.37653     2.60896      0.4934    2.41324     4.0789     5.94122    10.3417     0.107766
pos_alpha_subj(HC.hoarding).11    4.10042     2.53796     0.80798    2.13256    3.64096      5.5751    10.3908    0.0990254
pos_alpha_subj(HC.hoarding).12     2.5869      3.2737    -3.43046   0.543843    2.22562     4.67762    9.53917    0.0945782
pos_alpha_subj(HC.hoarding).13    4.67983     2.57939    0.939203    2.82872    4.38322      6.2008    10.7083     0.111952
pos_alpha_subj(HC.hoarding).14   -1.46406    0.991796    -2.35178   -1.92234    -1.6833    -1.36512    1.05995    0.0732357
pos_alpha_subj(HC.hoarding).15    4.56615     2.53221    0.979637    2.71472    4.20942     6.03878    10.4794     0.103625
pos_alpha_subj(HC.hoarding).16    4.83634     2.45236     1.04176    3.11223    4.50232     6.24595    10.6265     0.111269
pos_alpha_subj(HC.hoarding).17    1.42463     2.13678   -0.675516   0.182246   0.798808     1.68656    7.86653    0.0750602
pos_alpha_subj(HC.hoarding).18    1.22388     1.94064   -0.610616   0.136848   0.649948     1.38418    6.97994    0.0625329
pos_alpha_subj(HC.hoarding).19    4.46617     2.52626    0.884439     2.6112    4.16416     5.93277    10.2626     0.103399
pos_alpha_subj(HC.hoarding).20    5.01147     2.50074     1.02081    3.33176    4.74186     6.38678    10.7675     0.115081
pos_alpha_subj(HC.hoarding).21    3.99639     2.67293    0.110112    1.92726    3.63884     5.57202    10.1794    0.0954436
pos_alpha_subj(HC.hoarding).22   0.986751     3.87365    -4.96548   -2.14556    0.86417     3.73986    9.29025     0.131328
pos_alpha_subj(HC.hoarding).23  -0.087738    0.700903   -0.894319  -0.463883  -0.205802    0.119185    1.11879    0.0311874
pos_alpha_subj(HC.hoarding).24    3.50177     2.76408   -0.230161    1.24495    2.96429     5.10073    9.99292    0.0913741
pos_alpha_subj(HC.hoarding).25    1.16304     3.76642    -3.28786   -2.15556   0.618206     4.09028    9.21267     0.286745
pos_alpha_subj(HC.hoarding).26    4.08471     2.69681   0.0567165    1.99926    3.75264     5.70333    10.2617    0.0970383
pos_alpha_subj(HC.hoarding).27     2.1203     3.85017    -5.45257  -0.139701    2.24885     4.62617    9.59986     0.115194
pos_alpha_subj(HC.hoarding).28    3.78147     2.76231    -0.67652    1.66022    3.35552      5.5044     10.062     0.103145
pos_alpha_subj(HC.hoarding).29     4.2872      2.5858    0.713032    2.30188    3.89876     5.75857    10.2573     0.103793
pos_alpha_subj(HC.hoarding).30    3.98417      2.7169  -0.0889068    1.88148    3.61258     5.59964    10.4875     0.100676
pos_alpha_subj(HC.hoarding).31   0.891607     2.75674    -2.02719   -0.94256  -0.141593       1.827    8.35475     0.100816
pos_alpha_subj(HC.hoarding).32   0.133033     3.13927    -3.16993   -2.04777   -1.07729      1.3228    8.42459     0.191227
pos_alpha_subj(HC.hoarding).33    4.79861     2.54247    0.999621    2.97156    4.50517     6.20882    10.6546     0.109167
pos_alpha_subj(HC.hoarding).34    3.96536     2.91394     -0.9094    1.88766    3.66611     5.71589    10.5712    0.0982546
pos_alpha_subj(HC.hoarding).35    4.86501     2.56744     1.02124    3.04125    4.52533     6.28435    10.8255     0.109989
pos_alpha_subj(HC.hoarding).36     4.6581     2.45943     1.02122    2.85372    4.28414      6.1249    10.3863     0.108047
pos_alpha_subj(HC.hoarding).37    4.80005     2.43427     1.04266    3.11898    4.42769     6.13999     10.596     0.107797
pos_alpha_subj(HC.hoarding).38    2.42926      2.3955   -0.135566   0.813165    1.55957     3.46237    8.79371    0.0897093
pos_alpha_subj(HC.hoarding).39    3.94696     2.68663    0.186021    1.81464    3.50145     5.56316    10.3359    0.0984284
pos_alpha_subj(HC.hoarding).40    3.31162     3.30054    -3.36085     1.1392    3.20472     5.34196      10.01    0.0997889
pos_alpha_subj(HC.hoarding).41     3.7767     2.59231    0.596973    1.76394    3.21703     5.17934    10.1221    0.0952198
pos_alpha_subj(HC.hoarding).42    1.89281     2.40665   -0.759786   0.355669    1.08851     2.62306    8.38265    0.0791104
pos_alpha_subj(HC.hoarding).43    3.12516     3.46745    -4.42341    1.05033    3.09826     5.26844    10.1614    0.0994285
pos_alpha_subj(HC.hoarding).44    3.63628     2.81083    -1.17823    1.46511    3.39333     5.34279    9.96729     0.113394
pos_alpha_subj(HC.hoarding).45    1.01408     3.73743    -6.00282  -0.785953   0.568771     3.39258    8.71693     0.170624
pos_alpha_subj(HC.hoarding).46    4.53384     2.48589     1.02372    2.66558    4.18621     5.93388    10.5145     0.108792
pos_alpha_subj(HC.hoarding).47    4.57589     2.46562     1.02147    2.77805    4.21321     5.97383    10.5262     0.104828
pos_alpha_subj(HC.hoarding).48    1.85319     2.79074    -1.44007 -0.0300301    1.02729     2.98737    9.35038    0.0874026
pos_alpha_subj(HC.hoarding).49    5.06162     2.51064      1.0521    3.24714    4.71283      6.5216    10.8237     0.113051
pos_alpha_subj(HC.hoarding).50    3.89565     2.65073    0.071619    1.82371    3.51137     5.49417    10.0783    0.0926546
pos_alpha_subj(HC.hoarding).51  -0.169016     1.33326    -1.58871  -0.871701  -0.432399     0.15578     2.8635    0.0530897
pos_alpha_subj(HC.hoarding).52    4.52113     2.53274    0.953501    2.62445    4.15097      6.0203    10.2931     0.102736
pos_alpha_subj(HC.neutral).10     4.58055     2.52733    0.677552    2.76222    4.23837     6.11047    10.3416     0.109447
pos_alpha_subj(HC.neutral).12    -1.67351     1.30481    -2.64095   -2.24864    -1.9934    -1.66255    2.19292    0.0964017
pos_alpha_subj(HC.neutral).13     3.69163     2.70958   -0.143301    1.60869     3.3262     5.25205    9.98362    0.0968694
pos_alpha_subj(HC.neutral).14   -0.428569    0.762471    -1.68447  -0.929438  -0.476142 -0.00887796   0.886549    0.0291522
pos_alpha_subj(HC.neutral).15    -1.19921     1.86233    -2.47463    -2.0662   -1.77761    -1.35121     5.1204    0.0919561
pos_alpha_subj(HC.neutral).16       4.169     2.56774    0.650972    2.27943    3.74843     5.59114    10.2198     0.102135
pos_alpha_subj(HC.neutral).17     1.55926      2.6596    -1.61064  -0.285808   0.728268     2.75161    8.40275    0.0747389
pos_alpha_subj(HC.neutral).19     4.06979     2.59744    0.558466    2.16057    3.67485     5.55757    10.1732     0.102675
pos_alpha_subj(HC.neutral).20     2.55657     2.97145    -1.13254   0.146958    1.95562     4.34534    9.46622    0.0922189
pos_alpha_subj(HC.neutral).21      3.8396     2.65449    0.192481    1.82812     3.3978     5.37316    10.0276    0.0987073
pos_alpha_subj(HC.neutral).23    -1.21314     1.62316    -2.42153   -1.99097   -1.71267    -1.27639    4.13467    0.0737886
pos_alpha_subj(HC.neutral).24     3.51116     2.75992   -0.511979    1.32797    3.10873      5.1942    9.92297    0.0950644
pos_alpha_subj(HC.neutral).25     4.18545      2.5272    0.661796    2.32452    3.79883     5.66291    10.1648     0.103051
pos_alpha_subj(HC.neutral).26     4.06095     2.65558    0.425689    2.04725    3.65626     5.60895    10.2339      0.10068
pos_alpha_subj(HC.neutral).28     3.26313     2.75967   -0.710751    1.04549     2.8324     4.90066    9.71874    0.0848893
pos_alpha_subj(HC.neutral).31     3.45417     2.73034   -0.136105    1.28635     2.8844     5.06122    9.87864    0.0996413
pos_alpha_subj(HC.neutral).32     4.20244     2.58912      0.5578    2.30942    3.84386     5.70825    10.0899     0.108757
pos_alpha_subj(HC.neutral).33      3.1572      2.7642   -0.560241   0.907816    2.60054     4.83059    9.68652    0.0888389
pos_alpha_subj(HC.neutral).34     1.77678      2.7013   -0.811217   -0.05491    0.69737     2.95318    9.04901    0.0882157
pos_alpha_subj(HC.neutral).39     4.81134     2.42848    0.706751    3.18847    4.52195     6.14778     10.499     0.108145
pos_alpha_subj(HC.neutral).40     1.76046     2.37715   -0.638908   0.309676   0.858515     2.34365    8.63611    0.0746387
pos_alpha_subj(HC.neutral).41     2.94525     2.61056   -0.257965   0.868183    2.24301     4.44325    9.64562     0.082462
pos_alpha_subj(HC.neutral).43   -0.230768     1.64107    -1.75688   -1.16513  -0.703906    0.140706    4.84791    0.0516434
pos_alpha_subj(HC.neutral).44     4.01385     2.68539    0.066234     2.0249    3.62799     5.60058    10.2803     0.103315
pos_alpha_subj(HC.neutral).46     3.70508     2.69229   -0.260736    1.61356    3.35761     5.41869     9.8399    0.0980868
pos_alpha_subj(HC.neutral).48     3.90208     2.56821    0.563202    1.97198    3.45279     5.33286    10.1292     0.102665
pos_alpha_subj(HC.neutral).49     2.56299     2.71841    -1.13451   0.686881     1.8499     4.07914    9.27683     0.100591
pos_alpha_subj(HC.neutral).52     4.28024     2.63356    0.560392    2.38205     3.9053     5.78873    10.3139     0.108552
pos_alpha_subj(HC.neutral).53    -1.76456     0.58934    -2.27684   -2.02305   -1.87678     -1.7219   0.707453    0.0542464
pos_alpha_subj(HC.neutral).54     3.81064      2.7336   -0.137244    1.65337    3.44957     5.46491    10.0111    0.0995197
pos_alpha_subj(HC.neutral).55     2.74876     2.59672    -0.39527   0.761912    1.99804     4.16744    9.30103    0.0826863
pos_alpha_subj(HC.neutral).56     4.46937     2.55698    0.682421    2.63448    4.14921      5.9082    10.4248     0.108901
pos_alpha_subj(HC.neutral).57     3.95677     2.67493     0.04077    1.98407    3.62422     5.54179    10.2786     0.103461
pos_alpha_subj(HC.neutral).58     4.61221     2.49962    0.696909    2.86724    4.25701     6.07093    10.3463     0.113589
pos_alpha_subj(HC.neutral).59     3.40554      2.6468 -0.00816452    1.33737    2.81343     4.97615     9.7771    0.0878456
pos_alpha_subj(HC.neutral).60     4.15776     2.67173    0.402164    2.15888    3.76828     5.67456    10.4739      0.10731
pos_alpha_subj(HC.neutral).61     3.99587     2.53624    0.587205    2.06002    3.57285     5.54748    9.80454    0.0971486
pos_alpha_subj(HC.neutral).62     3.65154     2.60335  -0.0988432    1.67343    3.23867      5.1945    9.65737    0.0930768
DIC: 5024.003867
deviance: 4863.741634
pD: 160.262233
