1 1 0 1 0 0 0 3000 2 12 12 0
1 2 0 1 0 0 0 3000 2 6 6 12
1 3 0 1 0 0 0 3000 2 7 7 6
1 4 1 1 1 0 0 468 1 6 6 7
1 5 1 0 0 1 0 3000 1 7 7 6
1 6 1 1 1 0 0 686 1 6 6 7
1 7 1 1 1 0 0 472 1 7 7 6
1 8 1 0 0 1 0 3000 1 6 6 7
1 9 0 1 0 0 0 3000 3 12 12 6
1 10 1 1 1 0 0 361 1 6 6 12
2 1 0 1 0 0 0 3000 2 15 15 6
2 2 0 1 0 0 0 3000 2 2 2 15
2 3 0 1 0 0 0 3000 2 10 10 2
2 4 0 1 0 0 0 3000 3 6 6 10
2 5 0 1 0 0 0 3000 2 1 1 6
2 6 0 1 0 0 0 3000 3 15 15 1
2 7 1 1 1 0 0 407 1 1 1 15
2 8 1 1 1 0 0 400 1 15 15 1
2 9 1 1 1 0 0 589 1 1 1 15
2 10 0 1 0 0 0 3000 3 9 9 1
2 11 0 1 0 0 0 3000 2 4 4 9
2 12 0 1 0 0 0 3000 3 11 11 4
2 13 0 1 0 0 0 3000 3 2 2 11
2 14 0 1 0 0 0 3000 2 8 8 2
2 15 0 1 0 0 0 3000 2 5 5 8
2 16 0 1 0 0 0 3000 3 5 5 5
2 17 0 0 0 0 1 369 3 8 8 5
2 18 0 1 0 0 0 3000 3 3 3 8
2 19 0 1 0 0 0 3000 3 12 12 3
2 20 0 0 0 0 1 711 3 8 8 12
2 21 1 1 1 0 0 613 1 12 12 8
2 22 0 1 0 0 0 3000 2 14 14 12
2 23 0 0 0 0 1 446 2 8 8 14
2 24 0 1 0 0 0 3000 2 1 1 8
2 25 0 1 0 0 0 3000 2 11 11 1
2 26 0 1 0 0 0 3000 2 15 15 11
2 27 0 1 0 0 0 3000 3 14 14 15
2 28 0 0 0 0 1 559 3 2 2 14
2 29 1 1 1 0 0 499 1 14 14 2
2 30 1 0 0 1 0 3000 1 2 2 14
2 31 0 0 0 0 1 514 2 10 10 2
2 32 1 1 1 0 0 486 1 2 2 10
2 33 1 1 1 0 0 413 1 10 10 2
2 34 0 1 0 0 0 3000 3 5 5 10
2 35 0 1 0 0 0 3000 2 12 12 5
2 36 0 1 0 0 0 3000 3 4 4 12
2 37 0 0 0 0 1 1095 3 4 4 4
2 38 0 1 0 0 0 3000 3 14 14 4
2 39 0 1 0 0 0 3000 2 10 10 14
2 40 0 1 0 0 0 3000 2 15 15 10
2 41 0 1 0 0 0 3000 2 11 11 15
2 42 0 1 0 0 0 3000 2 13 13 11
2 43 0 1 0 0 0 3000 3 2 2 13
2 44 0 1 0 0 0 3000 3 7 7 2
2 45 1 0 0 1 0 3000 1 2 2 7
2 46 0 1 0 0 0 3000 2 12 12 2
2 47 1 1 1 0 0 623 1 2 2 12
2 48 0 1 0 0 0 3000 2 1 1 2
2 49 0 1 0 0 0 3000 2 15 15 1
2 50 0 1 0 0 0 3000 2 7 7 15
2 51 0 1 0 0 0 3000 3 5 5 7
2 52 0 1 0 0 0 3000 3 2 2 5
2 53 0 1 0 0 0 3000 2 10 10 2
2 54 0 1 0 0 0 3000 2 7 7 10
2 55 0 1 0 0 0 3000 2 15 15 7
2 56 0 1 0 0 0 3000 3 8 8 15
2 57 0 1 0 0 0 3000 3 1 1 8
2 58 0 1 0 0 0 3000 3 11 11 1
2 59 0 1 0 0 0 3000 2 5 5 11
2 60 0 1 0 0 0 3000 3 8 8 5
2 61 0 1 0 0 0 3000 3 13 13 8
2 62 1 1 1 0 0 770 1 8 8 13
2 63 1 1 1 0 0 511 1 13 13 8
2 64 0 1 0 0 0 3000 3 15 15 13
2 65 0 1 0 0 0 3000 2 11 11 15
2 66 0 1 0 0 0 3000 3 10 10 11
2 67 0 1 0 0 0 3000 2 9 9 10
2 68 0 1 0 0 0 3000 2 15 15 9
2 69 0 1 0 0 0 3000 3 14 14 15
2 70 0 1 0 0 0 3000 3 7 7 14
2 71 1 1 1 0 0 440 1 14 14 7
2 72 0 1 0 0 0 3000 2 8 8 14
2 73 1 0 0 1 0 3000 1 14 14 8
2 74 0 1 0 0 0 3000 3 1 1 14
2 75 0 1 0 0 0 3000 3 10 10 1
