1 1 0 1 0 0 0 3000 1 5 5 0
1 2 0 1 0 0 0 3000 3 9 9 5
1 3 0 1 0 0 0 3000 2 15 15 9
1 4 1 1 1 0 0 606 1 9 9 15
1 5 0 1 0 0 0 3000 2 13 13 9
1 6 1 1 1 0 0 647 1 9 9 13
1 7 0 1 0 0 0 3000 3 6 6 9
1 8 0 1 0 0 0 3000 3 5 5 6
1 9 1 1 1 0 0 516 1 6 6 5
1 10 0 1 0 0 0 3000 2 14 14 6
2 1 0 1 0 0 0 3000 3 4 4 14
2 2 0 1 0 0 0 3000 2 10 10 4
2 3 1 1 1 0 0 519 1 4 4 10
2 4 1 1 1 0 0 801 1 10 10 4
2 5 1 1 1 0 0 432 1 4 4 10
2 6 0 1 0 0 0 3000 3 11 11 4
2 7 1 1 1 0 0 464 1 4 4 11
2 8 1 1 1 0 0 520 1 11 11 4
2 9 1 1 1 0 0 781 1 4 4 11
2 10 0 1 0 0 0 3000 3 10 10 4
2 11 0 1 0 0 0 3000 3 13 13 10
2 12 1 1 1 0 0 768 1 10 10 13
2 13 0 1 0 0 0 3000 3 8 8 10
2 14 0 1 0 0 0 3000 2 15 15 8
2 15 0 1 0 0 0 3000 3 2 2 15
2 16 0 1 0 0 0 3000 2 7 7 2
2 17 0 1 0 0 0 3000 3 11 11 7
2 18 1 1 1 0 0 468 1 7 7 11
2 19 1 1 1 0 0 750 1 11 11 7
2 20 0 1 0 0 0 3000 2 14 14 11
2 21 0 1 0 0 0 3000 3 1 1 14
2 22 0 1 0 0 0 3000 2 4 4 1
2 23 0 1 0 0 0 3000 3 4 4 4
2 24 0 1 0 0 0 3000 2 11 11 4
2 25 0 1 0 0 0 3000 2 7 7 11
2 26 0 1 0 0 0 3000 2 14 14 7
2 27 0 1 0 0 0 3000 3 14 14 14
2 28 1 1 1 0 0 403 1 14 14 14
2 29 0 1 0 0 0 3000 2 3 3 14
2 30 0 1 0 0 0 3000 3 15 15 3
2 31 0 1 0 0 0 3000 3 10 10 15
2 32 0 1 0 0 0 3000 2 5 5 10
2 33 0 1 0 0 0 3000 3 15 15 5
2 34 0 1 0 0 0 3000 2 13 13 15
2 35 1 1 1 0 0 1214 1 15 15 13
2 36 0 1 0 0 0 3000 2 5 5 15
2 37 0 1 0 0 0 3000 3 5 5 5
2 38 1 1 1 0 0 500 1 5 5 5
2 39 0 1 0 0 0 3000 2 6 6 5
2 40 0 1 0 0 0 3000 2 11 11 6
2 41 1 1 1 0 0 538 1 6 6 11
2 42 0 1 0 0 0 3000 2 1 1 6
2 43 1 1 1 0 0 797 1 6 6 1
2 44 0 1 0 0 0 3000 2 6 6 6
2 45 1 1 1 0 0 516 1 6 6 6
2 46 0 1 0 0 0 3000 3 13 13 6
2 47 1 1 1 0 0 729 1 6 6 13
2 48 0 1 0 0 0 3000 3 5 5 6
2 49 1 1 1 0 0 418 1 6 6 5
2 50 1 1 1 0 0 693 1 5 5 6
2 51 1 1 1 0 0 1557 1 6 6 5
2 52 0 1 0 0 0 3000 3 6 6 6
2 53 1 1 1 0 0 547 1 6 6 6
2 54 0 1 0 0 0 3000 3 2 2 6
2 55 0 1 0 0 0 3000 2 8 8 2
2 56 0 1 0 0 0 3000 2 9 9 8
2 57 1 1 1 0 0 645 1 8 8 9
2 58 0 1 0 0 0 3000 2 3 3 8
2 59 1 1 1 0 0 618 1 8 8 3
2 60 0 1 0 0 0 3000 2 9 9 8
2 61 1 1 1 0 0 544 1 8 8 9
2 62 0 1 0 0 0 3000 2 15 15 8
2 63 0 1 0 0 0 3000 3 3 3 15
2 64 1 1 1 0 0 537 1 15 15 3
2 65 0 1 0 0 0 3000 3 14 14 15
2 66 0 1 0 0 0 3000 2 11 11 14
2 67 0 1 0 0 0 3000 2 2 2 11
2 68 1 1 1 0 0 707 1 11 11 2
2 69 0 1 0 0 0 3000 2 11 11 11
2 70 0 1 0 0 0 3000 3 13 13 11
2 71 0 1 0 0 0 3000 2 5 5 13
2 72 0 1 0 0 0 3000 2 14 14 5
2 73 0 1 0 0 0 3000 2 3 3 14
2 74 0 1 0 0 0 3000 2 11 11 3
2 75 0 1 0 0 0 3000 2 13 13 11
