1 1 0 1 0 0 0 3000 3 7 7 0
1 2 0 1 0 0 0 3000 1 11 11 7
1 3 0 1 0 0 0 3000 2 4 4 11
1 4 1 0 0 1 0 3000 1 11 11 4
1 5 0 1 0 0 0 3000 3 8 8 11
1 6 0 1 0 0 0 3000 3 3 3 8
1 7 0 1 0 0 0 3000 3 15 15 3
1 8 1 0 0 1 0 3000 1 3 3 15
1 9 1 1 1 0 0 399 1 15 15 3
1 10 0 1 0 0 0 3000 3 7 7 15
2 1 0 1 0 0 0 3000 1 4 4 7
2 2 0 1 0 0 0 3000 3 13 13 4
2 3 0 1 0 0 0 3000 2 8 8 13
2 4 1 0 0 1 0 3000 1 13 13 8
2 5 1 1 1 0 0 455 1 8 8 13
2 6 0 1 0 0 0 3000 3 9 9 8
2 7 0 1 0 0 0 3000 2 13 13 9
2 8 1 0 0 1 0 3000 1 9 9 13
2 9 1 1 1 0 0 450 1 13 13 9
2 10 1 0 0 1 0 3000 1 9 9 13
2 11 0 1 0 0 0 3000 2 4 4 9
2 12 0 1 0 0 0 3000 2 15 15 4
2 13 0 1 0 0 0 3000 3 5 5 15
2 14 0 1 0 0 0 3000 3 3 3 5
2 15 1 1 1 0 0 381 1 5 5 3
2 16 0 1 0 0 0 3000 2 13 13 5
2 17 1 1 1 0 0 392 1 5 5 13
2 18 0 1 0 0 0 3000 2 4 4 5
2 19 0 1 0 0 0 3000 2 6 6 4
2 20 0 1 0 0 0 3000 2 14 14 6
2 21 0 1 0 0 0 3000 3 7 7 14
2 22 0 1 0 0 0 3000 3 7 7 7
2 23 0 1 0 0 0 3000 3 13 13 7
2 24 1 0 0 1 0 3000 1 7 7 13
2 25 1 1 1 0 0 455 1 13 13 7
2 26 0 1 0 0 0 3000 2 12 12 13
2 27 0 1 0 0 0 3000 3 12 12 12
2 28 0 1 0 0 0 3000 3 4 4 12
2 29 0 1 0 0 0 3000 3 14 14 4
2 30 0 1 0 0 0 3000 3 13 13 14
2 31 0 1 0 0 0 3000 2 7 7 13
2 32 1 0 0 1 0 3000 1 13 13 7
2 33 0 1 0 0 0 3000 2 6 6 13
2 34 0 1 0 0 0 3000 3 10 10 6
2 35 0 1 0 0 0 3000 3 9 9 10
2 36 0 1 0 0 0 3000 3 6 6 9
2 37 1 1 1 0 0 383 1 9 9 6
2 38 0 1 0 0 0 3000 2 4 4 9
2 39 1 1 1 0 0 396 1 9 9 4
2 40 1 0 0 1 0 3000 1 4 4 9
2 41 0 1 0 0 0 3000 3 15 15 4
2 42 0 1 0 0 0 3000 3 11 11 15
2 43 0 1 0 0 0 3000 3 5 5 11
2 44 0 1 0 0 0 3000 2 10 10 5
2 45 0 1 0 0 0 3000 3 10 10 10
2 46 0 1 0 0 0 3000 3 8 8 10
2 47 0 1 0 0 0 3000 2 14 14 8
2 48 0 1 0 0 0 3000 2 14 14 14
2 49 0 1 0 0 0 3000 2 3 3 14
2 50 0 1 0 0 0 3000 2 9 9 3
2 51 0 1 0 0 0 3000 2 5 5 9
2 52 1 0 0 1 0 3000 1 9 9 5
2 53 0 1 0 0 0 3000 3 8 8 9
2 54 0 1 0 0 0 3000 3 1 1 8
2 55 0 1 0 0 0 3000 3 15 15 1
2 56 0 1 0 0 0 3000 2 10 10 15
2 57 0 1 0 0 0 3000 2 2 2 10
2 58 0 1 0 0 0 3000 3 4 4 2
2 59 0 1 0 0 0 3000 2 4 4 4
2 60 0 1 0 0 0 3000 3 1 1 4
2 61 1 1 1 0 0 397 1 4 4 1
2 62 1 0 0 1 0 3000 1 1 1 4
2 63 0 1 0 0 0 3000 3 1 1 1
2 64 1 0 0 1 0 3000 1 1 1 1
2 65 0 1 0 0 0 3000 2 10 10 1
2 66 0 1 0 0 0 3000 2 12 12 10
2 67 1 1 1 0 0 761 1 10 10 12
2 68 1 0 0 1 0 3000 1 12 12 10
2 69 0 1 0 0 0 3000 2 2 2 12
2 70 0 1 0 0 0 3000 3 8 8 2
2 71 1 1 1 0 0 418 1 2 2 8
2 72 0 1 0 0 0 3000 2 1 1 2
2 73 1 1 1 0 0 414 1 2 2 1
2 74 0 1 0 0 0 3000 3 12 12 2
2 75 1 1 1 0 0 417 1 2 2 12
