1 1 0 1 0 0 0 3000 3 5 5 0
1 2 0 1 0 0 0 3000 2 15 15 5
1 3 1 1 1 0 0 883 1 5 5 15
1 4 1 1 1 0 0 1125 1 15 15 5
1 5 0 1 0 0 0 3000 3 4 4 15
1 6 1 1 1 0 0 1175 1 15 15 4
1 7 1 0 0 1 0 3000 1 4 4 15
1 8 0 1 0 0 0 3000 3 10 10 4
1 9 0 1 0 0 0 3000 2 11 11 10
1 10 0 0 0 0 1 720 3 11 11 11
2 1 0 1 0 0 0 3000 2 1 1 11
2 2 0 1 0 0 0 3000 3 3 3 1
2 3 0 1 0 0 0 3000 3 11 11 3
2 4 0 1 0 0 0 3000 2 12 12 11
2 5 0 1 0 0 0 3000 3 13 13 12
2 6 1 1 1 0 0 1161 1 12 12 13
2 7 0 1 0 0 0 3000 2 11 11 12
2 8 0 1 0 0 0 3000 3 10 10 11
2 9 0 1 0 0 0 3000 2 7 7 10
2 10 0 1 0 0 0 3000 2 14 14 7
2 11 0 1 0 0 0 3000 3 14 14 14
2 12 1 1 1 0 0 1118 1 14 14 14
2 13 1 0 0 1 0 3000 1 14 14 14
2 14 0 1 0 0 0 3000 3 1 1 14
2 15 1 1 1 0 0 1199 1 14 14 1
2 16 1 1 1 0 0 1233 1 1 1 14
2 17 1 0 0 1 0 3000 1 14 14 1
2 18 0 1 0 0 0 3000 2 4 4 14
2 19 0 1 0 0 0 3000 3 3 3 4
2 20 1 1 1 0 0 923 1 4 4 3
2 21 0 1 0 0 0 3000 3 2 2 4
2 22 0 1 0 0 0 3000 3 14 14 2
2 23 1 1 1 0 0 1021 1 2 2 14
2 24 0 1 0 0 0 3000 2 15 15 2
2 25 0 1 0 0 0 3000 3 5 5 15
2 26 1 1 1 0 0 949 1 15 15 5
2 27 0 1 0 0 0 3000 2 13 13 15
2 28 1 1 1 0 0 901 1 15 15 13
2 29 0 1 0 0 0 3000 2 15 15 15
2 30 1 1 1 0 0 1821 1 15 15 15
2 31 0 1 0 0 0 3000 3 5 5 15
2 32 0 1 0 0 0 3000 3 7 7 5
2 33 1 1 1 0 0 900 1 5 5 7
2 34 0 1 0 0 0 3000 2 8 8 5
2 35 1 1 1 0 0 856 1 5 5 8
2 36 1 1 1 0 0 1250 1 8 8 5
2 37 0 1 0 0 0 3000 2 11 11 8
2 38 1 1 1 0 0 903 1 8 8 11
2 39 0 1 0 0 0 3000 2 9 9 8
2 40 0 1 0 0 0 3000 3 10 10 9
2 41 0 1 0 0 0 3000 2 15 15 10
2 42 0 1 0 0 0 3000 2 7 7 15
2 43 0 1 0 0 0 3000 3 11 11 7
2 44 0 1 0 0 0 3000 3 3 3 11
2 45 1 1 1 0 0 840 1 11 11 3
2 46 1 1 1 0 0 923 1 3 3 11
2 47 0 1 0 0 0 3000 2 8 8 3
2 48 0 0 0 0 1 1382 2 11 11 8
2 49 0 1 0 0 0 3000 2 2 2 11
2 50 1 1 1 0 0 1303 1 11 11 2
2 51 0 1 0 0 0 3000 3 7 7 11
2 52 0 1 0 0 0 3000 3 9 9 7
2 53 0 1 0 0 0 3000 2 3 3 9
2 54 1 1 1 0 0 805 1 9 9 3
2 55 0 1 0 0 0 3000 3 10 10 9
2 56 1 1 1 0 0 867 1 9 9 10
2 57 0 1 0 0 0 3000 3 1 1 9
2 58 0 1 0 0 0 3000 3 15 15 1
2 59 1 1 1 0 0 826 1 1 1 15
2 60 1 1 1 0 0 722 1 15 15 1
2 61 1 1 1 0 0 1155 1 1 1 15
2 62 0 1 0 0 0 3000 2 1 1 1
2 63 1 1 1 0 0 1017 1 1 1 1
2 64 0 1 0 0 0 3000 3 4 4 1
2 65 1 1 1 0 0 763 1 1 1 4
2 66 1 1 1 0 0 716 1 4 4 1
2 67 1 1 1 0 0 1338 1 1 1 4
2 68 0 1 0 0 0 3000 2 8 8 1
2 69 0 1 0 0 0 3000 3 14 14 8
2 70 0 1 0 0 0 3000 2 11 11 14
2 71 1 1 1 0 0 780 1 14 14 11
2 72 0 1 0 0 0 3000 3 2 2 14
2 73 0 1 0 0 0 3000 3 5 5 2
2 74 0 1 0 0 0 3000 2 10 10 5
2 75 0 1 0 0 0 3000 3 9 9 10
