1 1 0 1 0 0 0 3000 2 6 6 0
1 2 0 1 0 0 0 3000 2 5 5 6
1 3 0 1 0 0 0 3000 3 8 8 5
1 4 1 1 1 0 0 615 1 5 5 8
1 5 0 0 0 0 1 832 3 6 6 5
1 6 0 1 0 0 0 3000 2 12 12 6
1 7 1 0 0 1 0 3000 1 6 6 12
1 8 0 1 0 0 0 3000 2 10 10 6
1 9 0 1 0 0 0 3000 2 7 7 10
1 10 0 1 0 0 0 3000 2 15 15 7
2 1 0 1 0 0 0 3000 3 8 8 15
2 2 0 1 0 0 0 3000 2 12 12 8
2 3 1 1 1 0 0 424 1 8 8 12
2 4 0 1 0 0 0 3000 2 13 13 8
2 5 1 1 1 0 0 368 1 8 8 13
2 6 1 1 1 0 0 745 1 13 13 8
2 7 0 0 0 0 1 433 3 12 12 13
2 8 0 0 0 0 1 663 2 8 8 12
2 9 0 1 0 0 0 3000 2 6 6 8
2 10 1 1 1 0 0 681 1 8 8 6
2 11 0 1 0 0 0 3000 2 1 1 8
2 12 0 0 0 0 1 400 2 13 13 1
2 13 1 0 0 1 0 3000 1 1 1 13
2 14 1 1 1 0 0 632 1 13 13 1
2 15 0 1 0 0 0 3000 2 12 12 13
2 16 0 1 0 0 0 3000 2 12 12 12
2 17 1 1 1 0 0 453 1 12 12 12
2 18 0 1 0 0 0 3000 2 9 9 12
2 19 0 1 0 0 0 3000 3 4 4 9
2 20 1 1 1 0 0 360 1 9 9 4
2 21 0 1 0 0 0 3000 3 6 6 9
2 22 1 0 0 1 0 3000 1 9 9 6
2 23 0 1 0 0 0 3000 3 2 2 9
2 24 0 1 0 0 0 3000 3 14 14 2
2 25 0 0 0 0 1 375 3 14 14 14
2 26 0 1 0 0 0 3000 3 2 2 14
2 27 0 1 0 0 0 3000 2 11 11 2
2 28 0 1 0 0 0 3000 2 15 15 11
2 29 0 1 0 0 0 3000 3 3 3 15
2 30 1 0 0 1 0 3000 1 15 15 3
2 31 1 1 1 0 0 626 1 3 3 15
2 32 1 1 1 0 0 435 1 15 15 3
2 33 1 1 1 0 0 540 1 3 3 15
2 34 0 0 0 0 1 509 2 2 2 3
2 35 1 1 1 0 0 621 1 3 3 2
2 36 1 1 1 0 0 424 1 2 2 3
2 37 0 1 0 0 0 3000 2 14 14 2
2 38 1 1 1 0 0 481 1 2 2 14
2 39 1 1 1 0 0 495 1 14 14 2
2 40 0 1 0 0 0 3000 2 7 7 14
2 41 0 0 0 0 1 431 2 10 10 7
2 42 0 1 0 0 0 3000 3 14 14 10
2 43 1 1 1 0 0 361 1 10 10 14
2 44 0 0 0 0 1 609 2 7 7 10
2 45 0 1 0 0 0 3000 3 2 2 7
2 46 1 1 1 0 0 639 1 7 7 2
2 47 0 1 0 0 0 3000 3 9 9 7
2 48 0 1 0 0 0 3000 2 3 3 9
2 49 1 1 1 0 0 364 1 9 9 3
2 50 1 1 1 0 0 366 1 3 3 9
2 51 0 1 0 0 0 3000 2 7 7 3
2 52 0 1 0 0 0 3000 3 15 15 7
2 53 0 0 0 0 1 623 2 3 3 15
2 54 1 1 1 0 0 363 1 15 15 3
2 55 0 1 0 0 0 3000 2 4 4 15
2 56 0 1 0 0 0 3000 2 14 14 4
2 57 0 0 0 0 1 368 3 15 15 14
2 58 0 1 0 0 0 3000 3 10 10 15
2 59 0 1 0 0 0 3000 2 2 2 10
2 60 0 0 0 0 1 438 3 4 4 2
2 61 1 0 0 1 0 3000 1 2 2 4
2 62 1 1 1 0 0 370 1 4 4 2
2 63 0 1 0 0 0 3000 2 8 8 4
2 64 1 1 1 0 0 397 1 4 4 8
2 65 1 1 1 0 0 394 1 8 8 4
2 66 0 1 0 0 0 3000 3 12 12 8
2 67 1 0 0 1 0 3000 1 8 8 12
2 68 0 0 0 0 1 518 3 2 2 8
2 69 0 1 0 0 0 3000 2 15 15 2
2 70 0 1 0 0 0 3000 2 10 10 15
2 71 0 1 0 0 0 3000 3 6 6 10
2 72 0 1 0 0 0 3000 2 2 2 6
2 73 0 0 0 0 1 558 3 8 8 2
2 74 1 1 1 0 0 459 1 2 2 8
2 75 1 1 1 0 0 579 1 8 8 2
