1 1 0 1 0 0 0 3000 1 12 12 0
1 2 0 1 0 0 0 3000 1 10 10 12
1 3 1 1 1 0 0 700 1 12 12 10
1 4 1 0 0 1 0 3000 1 10 10 12
1 5 0 1 0 0 0 3000 3 7 7 10
1 6 0 1 0 0 0 3000 2 2 2 7
1 7 0 1 0 0 0 3000 3 9 9 2
1 8 0 1 0 0 0 3000 2 10 10 9
1 9 0 1 0 0 0 3000 3 3 3 10
1 10 1 0 0 1 0 3000 1 10 10 3
2 1 0 1 0 0 0 3000 2 8 8 10
2 2 0 1 0 0 0 3000 3 2 2 8
2 3 1 1 1 0 0 817 1 8 8 2
2 4 0 1 0 0 0 3000 3 3 3 8
2 5 0 1 0 0 0 3000 3 15 15 3
2 6 0 1 0 0 0 3000 2 10 10 15
2 7 1 1 1 0 0 1997 1 15 15 10
2 8 0 1 0 0 0 3000 2 11 11 15
2 9 0 1 0 0 0 3000 2 4 4 11
2 10 0 1 0 0 0 3000 3 1 1 4
2 11 0 1 0 0 0 3000 3 9 9 1
2 12 1 1 1 0 0 591 1 1 1 9
2 13 1 0 0 1 0 3000 1 9 9 1
2 14 1 0 0 1 0 3000 1 1 1 9
2 15 0 1 0 0 0 3000 3 7 7 1
2 16 0 1 0 0 0 3000 3 2 2 7
2 17 1 1 1 0 0 1307 1 7 7 2
2 18 0 1 0 0 0 3000 3 9 9 7
2 19 0 0 0 0 1 798 3 2 2 9
2 20 0 1 0 0 0 3000 3 8 8 2
2 21 1 0 0 1 0 3000 1 2 2 8
2 22 0 1 0 0 0 3000 2 4 4 2
2 23 0 0 0 0 1 600 3 9 9 4
2 24 0 1 0 0 0 3000 2 14 14 9
2 25 0 1 0 0 0 3000 2 4 4 14
2 26 0 1 0 0 0 3000 3 6 6 4
2 27 1 1 1 0 0 635 1 4 4 6
2 28 0 1 0 0 0 3000 3 7 7 4
2 29 1 0 0 1 0 3000 1 4 4 7
2 30 0 1 0 0 0 3000 3 15 15 4
2 31 0 1 0 0 0 3000 2 11 11 15
2 32 1 1 1 0 0 1455 1 15 15 11
2 33 0 1 0 0 0 3000 2 2 2 15
2 34 0 1 0 0 0 3000 3 8 8 2
2 35 0 1 0 0 0 3000 2 6 6 8
2 36 0 1 0 0 0 3000 3 15 15 6
2 37 0 1 0 0 0 3000 3 12 12 15
2 38 0 1 0 0 0 3000 3 1 1 12
2 39 0 1 0 0 0 3000 3 3 3 1
2 40 0 1 0 0 0 3000 2 11 11 3
2 41 1 1 1 0 0 571 1 3 3 11
2 42 0 1 0 0 0 3000 3 5 5 3
2 43 0 1 0 0 0 3000 3 2 2 5
2 44 1 1 1 0 0 1864 1 5 5 2
2 45 0 1 0 0 0 3000 2 4 4 5
2 46 1 0 0 1 0 3000 1 5 5 4
2 47 1 1 1 0 0 613 1 4 4 5
2 48 0 1 0 0 0 3000 2 6 6 4
2 49 1 0 0 1 0 3000 1 4 4 6
2 50 0 1 0 0 0 3000 3 3 3 4
2 51 1 0 0 1 0 3000 1 4 4 3
2 52 0 1 0 0 0 3000 3 2 2 4
2 53 0 1 0 0 0 3000 2 15 15 2
2 54 0 0 0 0 1 442 2 14 14 15
2 55 0 1 0 0 0 3000 2 1 1 14
2 56 0 1 0 0 0 3000 3 9 9 1
2 57 0 1 0 0 0 3000 2 2 2 9
2 58 1 0 0 1 0 3000 1 9 9 2
2 59 1 0 0 1 0 3000 1 2 2 9
2 60 0 1 0 0 0 3000 3 3 3 2
2 61 0 1 0 0 0 3000 2 5 5 3
2 62 1 1 1 0 0 655 1 3 3 5
2 63 1 1 1 0 0 1252 1 5 5 3
2 64 0 1 0 0 0 3000 2 7 7 5
2 65 0 1 0 0 0 3000 3 3 3 7
2 66 0 1 0 0 0 3000 3 6 6 3
2 67 0 1 0 0 0 3000 3 7 7 6
2 68 1 1 1 0 0 641 1 6 6 7
2 69 1 1 1 0 0 1211 1 7 7 6
2 70 1 1 1 0 0 1166 1 6 6 7
2 71 0 1 0 0 0 3000 2 5 5 6
2 72 0 1 0 0 0 3000 2 12 12 5
2 73 1 1 1 0 0 696 1 5 5 12
2 74 1 0 0 1 0 3000 1 12 12 5
2 75 0 0 0 0 1 737 3 6 6 12
