1 1 0 1 0 0 0 3000 3 14 14 0
1 2 0 1 0 0 0 3000 3 7 7 14
1 3 1 0 0 1 0 3000 1 14 14 7
1 4 0 1 0 0 0 3000 2 4 4 14
1 5 0 1 0 0 0 3000 3 8 8 4
1 6 0 1 0 0 0 3000 2 15 15 8
1 7 0 1 0 0 0 3000 2 2 2 15
1 8 0 1 0 0 0 3000 2 14 14 2
1 9 0 1 0 0 0 3000 2 11 11 14
1 10 0 1 0 0 0 3000 2 8 8 11
2 1 0 1 0 0 0 3000 2 13 13 8
2 2 0 1 0 0 0 3000 2 2 2 13
2 3 0 1 0 0 0 3000 3 12 12 2
2 4 0 1 0 0 0 3000 2 14 14 12
2 5 0 1 0 0 0 3000 2 13 13 14
2 6 1 0 0 1 0 3000 1 14 14 13
2 7 0 1 0 0 0 3000 2 11 11 14
2 8 0 1 0 0 0 3000 2 1 1 11
2 9 1 1 1 0 0 321 1 11 11 1
2 10 1 0 0 1 0 3000 1 1 1 11
2 11 1 1 1 0 0 474 1 11 11 1
2 12 0 1 0 0 0 3000 3 10 10 11
2 13 0 1 0 0 0 3000 3 8 8 10
2 14 0 1 0 0 0 3000 2 5 5 8
2 15 0 1 0 0 0 3000 2 15 15 5
2 16 0 1 0 0 0 3000 3 3 3 15
2 17 0 0 0 0 1 551 3 8 8 3
2 18 0 1 0 0 0 3000 3 1 1 8
2 19 0 1 0 0 0 3000 2 7 7 1
2 20 1 0 0 1 0 3000 1 1 1 7
2 21 0 0 0 0 1 530 2 13 13 1
2 22 0 1 0 0 0 3000 2 3 3 13
2 23 0 1 0 0 0 3000 2 9 9 3
2 24 1 0 0 1 0 3000 1 3 3 9
2 25 0 1 0 0 0 3000 3 8 8 3
2 26 1 0 0 1 0 3000 1 3 3 8
2 27 0 1 0 0 0 3000 3 15 15 3
2 28 0 1 0 0 0 3000 3 1 1 15
2 29 0 1 0 0 0 3000 2 11 11 1
2 30 1 0 0 1 0 3000 1 1 1 11
2 31 0 1 0 0 0 3000 3 8 8 1
2 32 0 1 0 0 0 3000 3 11 11 8
2 33 0 1 0 0 0 3000 2 6 6 11
2 34 0 1 0 0 0 3000 3 12 12 6
2 35 0 0 0 0 1 324 3 5 5 12
2 36 0 1 0 0 0 3000 3 4 4 5
2 37 0 0 0 0 1 434 2 6 6 4
2 38 1 0 0 1 0 3000 1 4 4 6
2 39 0 1 0 0 0 3000 3 1 1 4
2 40 0 1 0 0 0 3000 2 2 2 1
2 41 0 1 0 0 0 3000 3 11 11 2
2 42 0 1 0 0 0 3000 2 9 9 11
2 43 0 1 0 0 0 3000 3 8 8 9
2 44 0 1 0 0 0 3000 3 4 4 8
2 45 0 1 0 0 0 3000 2 15 15 4
2 46 0 1 0 0 0 3000 3 9 9 15
2 47 0 1 0 0 0 3000 3 3 3 9
2 48 1 0 0 1 0 3000 1 9 9 3
2 49 0 1 0 0 0 3000 3 10 10 9
2 50 1 0 0 1 0 3000 1 9 9 10
2 51 0 1 0 0 0 3000 3 5 5 9
2 52 0 1 0 0 0 3000 3 11 11 5
2 53 0 1 0 0 0 3000 3 11 11 11
2 54 1 1 1 0 0 515 1 11 11 11
2 55 1 0 0 1 0 3000 1 11 11 11
2 56 1 1 1 0 0 1030 1 11 11 11
2 57 0 1 0 0 0 3000 2 12 12 11
2 58 0 1 0 0 0 3000 2 14 14 12
2 59 0 1 0 0 0 3000 3 13 13 14
2 60 0 1 0 0 0 3000 2 13 13 13
2 61 1 0 0 1 0 3000 1 13 13 13
2 62 1 1 1 0 0 330 1 13 13 13
2 63 0 1 0 0 0 3000 2 11 11 13
2 64 0 1 0 0 0 3000 2 14 14 11
2 65 0 1 0 0 0 3000 3 9 9 14
2 66 0 1 0 0 0 3000 2 5 5 9
2 67 1 0 0 1 0 3000 1 9 9 5
2 68 1 1 1 0 0 308 1 5 5 9
2 69 1 0 0 1 0 3000 1 9 9 5
2 70 1 1 1 0 0 530 1 5 5 9
2 71 0 1 0 0 0 3000 2 6 6 5
2 72 1 1 1 0 0 347 1 5 5 6
2 73 0 1 0 0 0 3000 3 3 3 5
2 74 0 0 0 0 1 318 2 4 4 3
2 75 0 1 0 0 0 3000 3 8 8 4
