1 1 0 1 0 0 0 3000 2 7 7 0
1 2 0 1 0 0 0 3000 2 4 4 7
1 3 1 1 1 0 0 436 1 7 7 4
1 4 0 1 0 0 0 3000 3 11 11 7
1 5 0 1 0 0 0 3000 3 12 12 11
1 6 0 1 0 0 0 3000 2 4 4 12
1 7 1 1 1 0 0 361 1 12 12 4
1 8 1 1 1 0 0 299 1 4 4 12
1 9 0 1 0 0 0 3000 3 3 3 4
1 10 0 1 0 0 0 3000 2 10 10 3
2 1 0 1 0 0 0 3000 2 11 11 10
2 2 0 1 0 0 0 3000 1 11 11 11
2 3 0 1 0 0 0 3000 3 8 8 11
2 4 0 1 0 0 0 3000 2 14 14 8
2 5 1 1 1 0 0 346 1 8 8 14
2 6 1 1 1 0 0 457 1 14 14 8
2 7 0 1 0 0 0 3000 2 5 5 14
2 8 0 1 0 0 0 3000 2 3 3 5
2 9 0 1 0 0 0 3000 2 3 3 3
2 10 0 1 0 0 0 3000 3 2 2 3
2 11 1 1 1 0 0 456 1 3 3 2
2 12 1 1 1 0 0 332 1 2 2 3
2 13 0 1 0 0 0 3000 2 14 14 2
2 14 1 1 1 0 0 449 1 2 2 14
2 15 0 1 0 0 0 3000 2 6 6 2
2 16 0 0 0 0 1 523 2 3 3 6
2 17 0 1 0 0 0 3000 3 13 13 3
2 18 0 1 0 0 0 3000 2 6 6 13
2 19 0 1 0 0 0 3000 3 11 11 6
2 20 1 1 1 0 0 380 1 6 6 11
2 21 1 1 1 0 0 286 1 11 11 6
2 22 1 1 1 0 0 329 1 6 6 11
2 23 0 1 0 0 0 3000 3 8 8 6
2 24 1 0 0 1 0 3000 1 6 6 8
2 25 0 1 0 0 0 3000 2 15 15 6
2 26 1 1 1 0 0 315 1 6 6 15
2 27 0 1 0 0 0 3000 3 5 5 6
2 28 0 1 0 0 0 3000 2 8 8 5
2 29 0 1 0 0 0 3000 3 14 14 8
2 30 0 0 0 0 1 269 2 5 5 14
2 31 1 1 1 0 0 435 1 14 14 5
2 32 0 1 0 0 0 3000 2 13 13 14
2 33 0 1 0 0 0 3000 3 4 4 13
2 34 0 1 0 0 0 3000 2 3 3 4
2 35 1 1 1 0 0 316 1 4 4 3
2 36 0 1 0 0 0 3000 3 8 8 4
2 37 0 1 0 0 0 3000 3 13 13 8
2 38 0 1 0 0 0 3000 2 12 12 13
2 39 0 1 0 0 0 3000 3 2 2 12
2 40 1 1 1 0 0 425 1 12 12 2
2 41 0 1 0 0 0 3000 3 13 13 12
2 42 0 1 0 0 0 3000 3 14 14 13
2 43 0 1 0 0 0 3000 2 2 2 14
2 44 1 1 1 0 0 307 1 14 14 2
2 45 0 1 0 0 0 3000 2 7 7 14
2 46 0 1 0 0 0 3000 3 3 3 7
2 47 0 1 0 0 0 3000 3 3 3 3
2 48 0 1 0 0 0 3000 2 12 12 3
2 49 0 1 0 0 0 3000 2 15 15 12
2 50 0 1 0 0 0 3000 3 7 7 15
2 51 0 1 0 0 0 3000 2 7 7 7
2 52 0 1 0 0 0 3000 3 9 9 7
2 53 0 1 0 0 0 3000 3 9 9 9
2 54 0 1 0 0 0 3000 2 11 11 9
2 55 1 1 1 0 0 592 1 9 9 11
2 56 0 1 0 0 0 3000 3 13 13 9
2 57 1 1 1 0 0 333 1 9 9 13
2 58 0 1 0 0 0 3000 3 11 11 9
2 59 0 1 0 0 0 3000 3 8 8 11
2 60 1 1 1 0 0 1265 1 11 11 8
2 61 0 1 0 0 0 3000 2 11 11 11
2 62 1 1 1 0 0 458 1 11 11 11
2 63 0 1 0 0 0 3000 2 6 6 11
2 64 1 1 1 0 0 284 1 11 11 6
2 65 1 1 1 0 0 355 1 6 6 11
2 66 1 1 1 0 0 939 1 11 11 6
2 67 0 1 0 0 0 3000 3 5 5 11
2 68 0 1 0 0 0 3000 3 13 13 5
2 69 0 1 0 0 0 3000 3 9 9 13
2 70 1 1 1 0 0 456 1 13 13 9
2 71 0 1 0 0 0 3000 2 4 4 13
2 72 0 1 0 0 0 3000 2 15 15 4
2 73 0 1 0 0 0 3000 3 8 8 15
2 74 0 1 0 0 0 3000 3 5 5 8
2 75 0 1 0 0 0 3000 2 11 11 5
