1 1 0 1 0 0 0 3000 2 3 3 0
1 2 0 1 0 0 0 3000 2 2 2 3
1 3 0 1 0 0 0 3000 3 2 2 2
1 4 1 1 1 0 0 1630 1 2 2 2
1 5 1 0 0 1 0 3000 1 2 2 2
1 6 1 1 1 0 0 2067 1 2 2 2
1 7 0 1 0 0 0 3000 2 8 8 2
1 8 0 1 0 0 0 3000 3 4 4 8
1 9 0 1 0 0 0 3000 2 3 3 4
1 10 0 0 0 0 1 1832 2 8 8 3
2 1 0 1 0 0 0 3000 3 12 12 8
2 2 0 1 0 0 0 3000 3 13 13 12
2 3 0 1 0 0 0 3000 3 8 8 13
2 4 0 1 0 0 0 3000 2 14 14 8
2 5 0 1 0 0 0 3000 2 12 12 14
2 6 1 0 0 1 0 3000 1 14 14 12
2 7 1 0 0 1 0 3000 1 12 12 14
2 8 0 1 0 0 0 3000 2 2 2 12
2 9 0 1 0 0 0 3000 3 8 8 2
2 10 0 1 0 0 0 3000 2 10 10 8
2 11 1 1 1 0 0 1403 1 8 8 10
2 12 0 1 0 0 0 3000 2 9 9 8
2 13 1 1 1 0 0 328 1 8 8 9
2 14 1 0 0 1 0 3000 1 9 9 8
2 15 0 1 0 0 0 3000 2 12 12 9
2 16 0 1 0 0 0 3000 3 13 13 12
2 17 1 1 1 0 0 861 1 12 12 13
2 18 0 1 0 0 0 3000 2 6 6 12
2 19 1 1 1 0 0 1707 1 12 12 6
2 20 1 0 0 1 0 3000 1 6 6 12
2 21 0 0 0 0 1 419 2 13 13 6
2 22 0 1 0 0 0 3000 2 5 5 13
2 23 0 1 0 0 0 3000 3 9 9 5
2 24 1 0 0 1 0 3000 1 5 5 9
2 25 0 0 0 0 1 449 3 5 5 5
2 26 0 1 0 0 0 3000 3 7 7 5
2 27 0 1 0 0 0 3000 3 10 10 7
2 28 0 1 0 0 0 3000 2 3 3 10
2 29 0 0 0 0 1 275 3 11 11 3
2 30 0 1 0 0 0 3000 3 6 6 11
2 31 0 1 0 0 0 3000 3 4 4 6
2 32 0 1 0 0 0 3000 3 3 3 4
2 33 0 1 0 0 0 3000 2 15 15 3
2 34 0 1 0 0 0 3000 2 5 5 15
2 35 0 1 0 0 0 3000 3 14 14 5
2 36 0 1 0 0 0 3000 2 1 1 14
2 37 1 1 1 0 0 468 1 14 14 1
2 38 0 1 0 0 0 3000 2 2 2 14
2 39 1 1 1 0 0 725 1 14 14 2
2 40 1 0 0 1 0 3000 1 2 2 14
2 41 1 1 1 0 0 693 1 14 14 2
2 42 0 1 0 0 0 3000 3 7 7 14
2 43 0 0 0 0 1 1117 2 1 1 7
2 44 1 0 0 1 0 3000 1 7 7 1
2 45 0 1 0 0 0 3000 3 9 9 7
2 46 0 1 0 0 0 3000 3 15 15 9
2 47 1 1 1 0 0 627 1 9 9 15
2 48 0 1 0 0 0 3000 3 8 8 9
2 49 0 1 0 0 0 3000 2 8 8 8
2 50 0 1 0 0 0 3000 3 12 12 8
2 51 1 0 0 1 0 3000 1 8 8 12
2 52 0 1 0 0 0 3000 2 13 13 8
2 53 1 1 1 0 0 1035 1 8 8 13
2 54 0 1 0 0 0 3000 2 3 3 8
2 55 0 1 0 0 0 3000 3 1 1 3
2 56 1 0 0 1 0 3000 1 3 3 1
2 57 1 1 1 0 0 1187 1 1 1 3
2 58 1 0 0 1 0 3000 1 3 3 1
2 59 0 1 0 0 0 3000 2 11 11 3
2 60 0 0 0 0 1 495 3 11 11 11
2 61 0 1 0 0 0 3000 3 14 14 11
2 62 0 1 0 0 0 3000 2 5 5 14
2 63 0 1 0 0 0 3000 2 12 12 5
2 64 0 1 0 0 0 3000 2 2 2 12
2 65 0 1 0 0 0 3000 2 5 5 2
2 66 1 1 1 0 0 467 1 2 2 5
2 67 0 1 0 0 0 3000 2 14 14 2
2 68 0 1 0 0 0 3000 2 6 6 14
2 69 0 1 0 0 0 3000 2 11 11 6
2 70 0 1 0 0 0 3000 2 5 5 11
2 71 0 1 0 0 0 3000 3 12 12 5
2 72 0 1 0 0 0 3000 3 3 3 12
2 73 1 0 0 1 0 3000 1 12 12 3
2 74 0 1 0 0 0 3000 3 8 8 12
2 75 0 1 0 0 0 3000 2 11 11 8
