1 1 0 1 0 0 0 3000 3 3 3 0
1 2 0 1 0 0 0 3000 1 14 14 3
1 3 0 1 0 0 0 3000 3 12 12 14
1 4 0 1 0 0 0 3000 2 11 11 12
1 5 0 0 0 0 1 709 3 14 14 11
1 6 0 1 0 0 0 3000 3 15 15 14
1 7 0 1 0 0 0 3000 2 9 9 15
1 8 1 1 1 0 0 1404 1 15 15 9
1 9 0 1 0 0 0 3000 2 12 12 15
1 10 1 1 1 0 0 1183 1 15 15 12
2 1 0 1 0 0 0 3000 1 7 7 15
2 2 0 1 0 0 0 3000 3 7 7 7
2 3 0 1 0 0 0 3000 2 6 6 7
2 4 1 1 1 0 0 570 1 7 7 6
2 5 0 1 0 0 0 3000 2 15 15 7
2 6 0 1 0 0 0 3000 3 3 3 15
2 7 0 1 0 0 0 3000 3 13 13 3
2 8 0 1 0 0 0 3000 3 13 13 13
2 9 0 1 0 0 0 3000 2 1 1 13
2 10 0 1 0 0 0 3000 3 9 9 1
2 11 0 1 0 0 0 3000 2 14 14 9
2 12 1 1 1 0 0 793 1 9 9 14
2 13 1 0 0 1 0 3000 1 14 14 9
2 14 1 0 0 1 0 3000 1 9 9 14
2 15 0 1 0 0 0 3000 3 1 1 9
2 16 0 1 0 0 0 3000 2 12 12 1
2 17 0 1 0 0 0 3000 3 9 9 12
2 18 1 1 1 0 0 705 1 12 12 9
2 19 0 1 0 0 0 3000 2 1 1 12
2 20 1 1 1 0 0 934 1 12 12 1
2 21 0 1 0 0 0 3000 3 8 8 12
2 22 1 1 1 0 0 1243 1 12 12 8
2 23 0 1 0 0 0 3000 2 4 4 12
2 24 1 1 1 0 0 606 1 12 12 4
2 25 0 1 0 0 0 3000 2 2 2 12
2 26 0 1 0 0 0 3000 3 3 3 2
2 27 0 1 0 0 0 3000 2 5 5 3
2 28 1 0 0 1 0 3000 1 3 3 5
2 29 1 0 0 1 0 3000 1 5 5 3
2 30 1 0 0 1 0 3000 1 3 3 5
2 31 0 0 0 0 1 736 2 12 12 3
2 32 0 1 0 0 0 3000 3 4 4 12
2 33 0 1 0 0 0 3000 2 9 9 4
2 34 1 1 1 0 0 1231 1 4 4 9
2 35 0 1 0 0 0 3000 3 3 3 4
2 36 0 1 0 0 0 3000 3 6 6 3
2 37 0 1 0 0 0 3000 3 14 14 6
2 38 0 1 0 0 0 3000 2 14 14 14
2 39 1 1 1 0 0 481 1 14 14 14
2 40 1 1 1 0 0 1581 1 14 14 14
2 41 0 1 0 0 0 3000 3 11 11 14
2 42 0 1 0 0 0 3000 2 2 2 11
2 43 0 1 0 0 0 3000 2 4 4 2
2 44 0 0 0 0 1 1792 3 11 11 4
2 45 1 1 1 0 0 811 1 4 4 11
2 46 0 0 0 0 1 1104 3 4 4 4
2 47 0 0 0 0 1 1028 3 2 2 4
2 48 0 1 0 0 0 3000 2 13 13 2
2 49 0 1 0 0 0 3000 2 12 12 13
2 50 0 1 0 0 0 3000 2 14 14 12
2 51 1 0 0 1 0 3000 1 12 12 14
2 52 1 1 1 0 0 897 1 14 14 12
2 53 0 1 0 0 0 3000 2 7 7 14
2 54 0 1 0 0 0 3000 3 15 15 7
2 55 0 1 0 0 0 3000 3 11 11 15
2 56 0 1 0 0 0 3000 2 12 12 11
2 57 1 1 1 0 0 915 1 11 11 12
2 58 1 1 1 0 0 914 1 12 12 11
2 59 0 0 0 0 1 1026 3 4 4 12
2 60 0 1 0 0 0 3000 3 11 11 4
2 61 0 1 0 0 0 3000 3 7 7 11
2 62 1 0 0 1 0 3000 1 11 11 7
2 63 0 1 0 0 0 3000 3 14 14 11
2 64 1 0 0 1 0 3000 1 11 11 14
2 65 0 1 0 0 0 3000 2 13 13 11
2 66 1 0 0 1 0 3000 1 11 11 13
2 67 0 1 0 0 0 3000 3 2 2 11
2 68 1 0 0 1 0 3000 1 11 11 2
2 69 0 1 0 0 0 3000 2 1 1 11
2 70 0 1 0 0 0 3000 3 6 6 1
2 71 1 1 1 0 0 1206 1 1 1 6
2 72 0 1 0 0 0 3000 2 14 14 1
2 73 0 1 0 0 0 3000 3 9 9 14
2 74 0 1 0 0 0 3000 3 12 12 9
2 75 0 1 0 0 0 3000 2 11 11 12
