1 1 0 1 0 0 0 3000 3 2 2 0
1 2 0 1 0 0 0 3000 1 12 12 2
1 3 1 1 1 0 0 368 1 2 2 12
1 4 0 1 0 0 0 3000 2 1 1 2
1 5 0 1 0 0 0 3000 2 9 9 1
1 6 0 1 0 0 0 3000 2 3 3 9
1 7 0 1 0 0 0 3000 3 4 4 3
1 8 0 1 0 0 0 3000 2 2 2 4
1 9 0 1 0 0 0 3000 2 9 9 2
1 10 1 0 0 1 0 3000 1 2 2 9
2 1 0 1 0 0 0 3000 3 4 4 2
2 2 0 1 0 0 0 3000 3 1 1 4
2 3 0 1 0 0 0 3000 3 12 12 1
2 4 0 1 0 0 0 3000 3 4 4 12
2 5 0 1 0 0 0 3000 3 2 2 4
2 6 1 0 0 1 0 3000 1 4 4 2
2 7 0 1 0 0 0 3000 3 3 3 4
2 8 0 1 0 0 0 3000 3 9 9 3
2 9 0 1 0 0 0 3000 2 1 1 9
2 10 0 1 0 0 0 3000 2 5 5 1
2 11 0 0 0 0 1 430 3 12 12 5
2 12 0 1 0 0 0 3000 3 1 1 12
2 13 0 1 0 0 0 3000 3 11 11 1
2 14 1 0 0 1 0 3000 1 1 1 11
2 15 0 0 0 0 1 452 3 8 8 1
2 16 0 0 0 0 1 561 2 11 11 8
2 17 0 1 0 0 0 3000 3 2 2 11
2 18 0 0 0 0 1 506 3 2 2 2
2 19 1 0 0 1 0 3000 1 2 2 2
2 20 1 0 0 1 0 3000 1 2 2 2
2 21 0 1 0 0 0 3000 3 12 12 2
2 22 1 0 0 1 0 3000 1 2 2 12
2 23 1 1 1 0 0 367 1 12 12 2
2 24 1 0 0 1 0 3000 1 2 2 12
2 25 1 1 1 0 0 360 1 12 12 2
2 26 1 0 0 1 0 3000 1 2 2 12
2 27 0 1 0 0 0 3000 2 3 3 2
2 28 0 1 0 0 0 3000 2 12 12 3
2 29 0 1 0 0 0 3000 3 4 4 12
2 30 1 0 0 1 0 3000 1 12 12 4
2 31 1 0 0 1 0 3000 1 4 4 12
2 32 1 0 0 1 0 3000 1 12 12 4
2 33 0 0 0 0 1 404 3 15 15 12
2 34 0 1 0 0 0 3000 2 1 1 15
2 35 0 1 0 0 0 3000 2 12 12 1
2 36 0 1 0 0 0 3000 3 4 4 12
2 37 0 1 0 0 0 3000 2 11 11 4
2 38 0 1 0 0 0 3000 3 9 9 11
2 39 1 0 0 1 0 3000 1 11 11 9
2 40 0 1 0 0 0 3000 2 15 15 11
2 41 0 1 0 0 0 3000 3 1 1 15
2 42 1 1 1 0 0 413 1 15 15 1
2 43 1 0 0 1 0 3000 1 1 1 15
2 44 0 1 0 0 0 3000 3 2 2 1
2 45 1 0 0 1 0 3000 1 1 1 2
2 46 0 0 0 0 1 482 2 12 12 1
2 47 0 1 0 0 0 3000 3 7 7 12
2 48 0 1 0 0 0 3000 3 8 8 7
2 49 0 1 0 0 0 3000 2 3 3 8
2 50 0 1 0 0 0 3000 3 4 4 3
2 51 1 0 0 1 0 3000 1 3 3 4
2 52 0 1 0 0 0 3000 3 15 15 3
2 53 0 1 0 0 0 3000 3 1 1 15
2 54 1 1 1 0 0 340 1 15 15 1
2 55 0 1 0 0 0 3000 3 8 8 15
2 56 0 1 0 0 0 3000 2 8 8 8
2 57 0 1 0 0 0 3000 3 6 6 8
2 58 0 1 0 0 0 3000 2 10 10 6
2 59 0 1 0 0 0 3000 3 11 11 10
2 60 1 1 1 0 0 499 1 10 10 11
2 61 1 0 0 1 0 3000 1 11 11 10
2 62 0 1 0 0 0 3000 2 4 4 11
2 63 0 1 0 0 0 3000 3 15 15 4
2 64 0 1 0 0 0 3000 3 10 10 15
2 65 0 1 0 0 0 3000 3 1 1 10
2 66 1 1 1 0 0 633 1 10 10 1
2 67 0 1 0 0 0 3000 3 8 8 10
2 68 0 1 0 0 0 3000 2 3 3 8
2 69 1 0 0 1 0 3000 1 8 8 3
2 70 0 0 0 0 1 483 2 5 5 8
2 71 0 1 0 0 0 3000 2 5 5 5
2 72 0 1 0 0 0 3000 3 4 4 5
2 73 1 0 0 1 0 3000 1 5 5 4
2 74 0 1 0 0 0 3000 3 3 3 5
2 75 1 0 0 1 0 3000 1 5 5 3
