1 1 0 1 0 0 0 3000 3 2 2 0
1 2 0 1 0 0 0 3000 1 13 13 2
1 3 0 1 0 0 0 3000 3 11 11 13
1 4 0 1 0 0 0 3000 3 7 7 11
1 5 1 1 1 0 0 399 1 11 11 7
1 6 0 1 0 0 0 3000 2 2 2 11
1 7 0 1 0 0 0 3000 2 1 1 2
1 8 1 1 1 0 0 367 1 2 2 1
1 9 0 1 0 0 0 3000 2 11 11 2
1 10 0 1 0 0 0 3000 2 14 14 11
2 1 0 1 0 0 0 3000 2 6 6 14
2 2 0 1 0 0 0 3000 2 12 12 6
2 3 0 1 0 0 0 3000 2 11 11 12
2 4 0 1 0 0 0 3000 3 10 10 11
2 5 1 1 1 0 0 380 1 11 11 10
2 6 1 1 1 0 0 643 1 10 10 11
2 7 0 1 0 0 0 3000 3 8 8 10
2 8 0 1 0 0 0 3000 2 15 15 8
2 9 1 1 1 0 0 818 1 8 8 15
2 10 0 1 0 0 0 3000 3 1 1 8
2 11 0 1 0 0 0 3000 2 4 4 1
2 12 0 0 0 0 1 589 2 4 4 4
2 13 1 1 1 0 0 1824 1 4 4 4
2 14 0 1 0 0 0 3000 2 10 10 4
2 15 0 1 0 0 0 3000 3 12 12 10
2 16 0 1 0 0 0 3000 3 12 12 12
2 17 1 1 1 0 0 449 1 12 12 12
2 18 0 1 0 0 0 3000 3 3 3 12
2 19 1 1 1 0 0 705 1 12 12 3
2 20 0 1 0 0 0 3000 3 10 10 12
2 21 0 1 0 0 0 3000 2 1 1 10
2 22 0 1 0 0 0 3000 2 11 11 1
2 23 1 1 1 0 0 393 1 1 1 11
2 24 0 1 0 0 0 3000 3 12 12 1
2 25 0 0 0 0 1 521 3 11 11 12
2 26 1 0 0 1 0 3000 1 12 12 11
2 27 0 1 0 0 0 3000 3 13 13 12
2 28 1 1 1 0 0 455 1 12 12 13
2 29 0 1 0 0 0 3000 2 5 5 12
2 30 1 0 0 1 0 3000 1 12 12 5
2 31 0 1 0 0 0 3000 3 10 10 12
2 32 0 1 0 0 0 3000 3 1 1 10
2 33 0 1 0 0 0 3000 2 14 14 1
2 34 1 1 1 0 0 796 1 1 1 14
2 35 0 1 0 0 0 3000 3 8 8 1
2 36 0 1 0 0 0 3000 2 6 6 8
2 37 1 1 1 0 0 548 1 8 8 6
2 38 0 1 0 0 0 3000 3 9 9 8
2 39 1 1 1 0 0 589 1 8 8 9
2 40 0 1 0 0 0 3000 3 12 12 8
2 41 0 1 0 0 0 3000 2 1 1 12
2 42 1 1 1 0 0 992 1 12 12 1
2 43 1 1 1 0 0 750 1 1 1 12
2 44 0 1 0 0 0 3000 2 8 8 1
2 45 0 1 0 0 0 3000 3 14 14 8
2 46 0 1 0 0 0 3000 3 5 5 14
2 47 0 1 0 0 0 3000 2 2 2 5
2 48 1 1 1 0 0 453 1 5 5 2
2 49 0 1 0 0 0 3000 2 8 8 5
2 50 0 1 0 0 0 3000 2 4 4 8
2 51 0 1 0 0 0 3000 2 2 2 4
2 52 1 1 1 0 0 427 1 4 4 2
2 53 0 1 0 0 0 3000 3 15 15 4
2 54 0 0 0 0 1 805 3 15 15 15
2 55 1 0 0 1 0 3000 1 15 15 15
2 56 0 1 0 0 0 3000 2 3 3 15
2 57 1 1 1 0 0 801 1 15 15 3
2 58 0 1 0 0 0 3000 2 9 9 15
2 59 0 1 0 0 0 3000 3 6 6 9
2 60 1 1 1 0 0 456 1 9 9 6
2 61 1 1 1 0 0 809 1 6 6 9
2 62 1 1 1 0 0 553 1 9 9 6
2 63 0 1 0 0 0 3000 2 13 13 9
2 64 1 1 1 0 0 494 1 9 9 13
2 65 1 1 1 0 0 738 1 13 13 9
2 66 0 1 0 0 0 3000 3 1 1 13
2 67 0 1 0 0 0 3000 2 7 7 1
2 68 1 1 1 0 0 444 1 1 1 7
2 69 1 1 1 0 0 708 1 7 7 1
2 70 0 1 0 0 0 3000 2 9 9 7
2 71 1 1 1 0 0 433 1 7 7 9
2 72 1 1 1 0 0 672 1 9 9 7
2 73 1 1 1 0 0 1126 1 7 7 9
2 74 1 1 1 0 0 822 1 9 9 7
2 75 0 1 0 0 0 3000 2 15 15 9
