1 1 0 1 0 0 0 3000 2 2 2 0
1 2 0 1 0 0 0 3000 2 15 15 2
1 3 0 1 0 0 0 3000 3 10 10 15
1 4 0 1 0 0 0 3000 2 10 10 10
1 5 0 1 0 0 0 3000 3 7 7 10
1 6 0 1 0 0 0 3000 2 8 8 7
1 7 1 1 1 0 0 317 1 7 7 8
1 8 0 1 0 0 0 3000 3 9 9 7
1 9 0 1 0 0 0 3000 2 2 2 9
1 10 0 1 0 0 0 3000 3 15 15 2
2 1 0 1 0 0 0 3000 3 11 11 15
2 2 0 1 0 0 0 3000 1 14 14 11
2 3 0 1 0 0 0 3000 3 12 12 14
2 4 0 1 0 0 0 3000 3 9 9 12
2 5 0 1 0 0 0 3000 2 11 11 9
2 6 0 1 0 0 0 3000 2 11 11 11
2 7 0 1 0 0 0 3000 2 8 8 11
2 8 0 1 0 0 0 3000 3 2 2 8
2 9 1 1 1 0 0 276 1 8 8 2
2 10 1 1 1 0 0 405 1 2 2 8
2 11 1 1 1 0 0 401 1 8 8 2
2 12 0 1 0 0 0 3000 3 5 5 8
2 13 1 1 1 0 0 468 1 8 8 5
2 14 0 1 0 0 0 3000 3 10 10 8
2 15 0 1 0 0 0 3000 2 12 12 10
2 16 1 1 1 0 0 263 1 10 10 12
2 17 0 1 0 0 0 3000 3 10 10 10
2 18 1 1 1 0 0 272 1 10 10 10
2 19 1 1 1 0 0 292 1 10 10 10
2 20 1 1 1 0 0 271 1 10 10 10
2 21 0 1 0 0 0 3000 2 1 1 10
2 22 0 1 0 0 0 3000 3 1 1 1
2 23 0 1 0 0 0 3000 2 12 12 1
2 24 1 1 1 0 0 284 1 1 1 12
2 25 0 1 0 0 0 3000 3 15 15 1
2 26 0 1 0 0 0 3000 3 4 4 15
2 27 1 1 1 0 0 316 1 15 15 4
2 28 0 0 0 0 1 436 3 12 12 15
2 29 0 1 0 0 0 3000 3 11 11 12
2 30 0 1 0 0 0 3000 3 5 5 11
2 31 0 1 0 0 0 3000 2 12 12 5
2 32 0 1 0 0 0 3000 2 9 9 12
2 33 0 1 0 0 0 3000 3 3 3 9
2 34 1 1 1 0 0 318 1 9 9 3
2 35 1 1 1 0 0 372 1 3 3 9
2 36 0 1 0 0 0 3000 3 8 8 3
2 37 1 1 1 0 0 281 1 3 3 8
2 38 0 1 0 0 0 3000 2 1 1 3
2 39 0 1 0 0 0 3000 3 15 15 1
2 40 1 1 1 0 0 303 1 1 1 15
2 41 0 1 0 0 0 3000 2 13 13 1
2 42 0 1 0 0 0 3000 3 5 5 13
2 43 0 1 0 0 0 3000 3 1 1 5
2 44 1 1 1 0 0 366 1 5 5 1
2 45 1 1 1 0 0 347 1 1 1 5
2 46 1 1 1 0 0 373 1 5 5 1
2 47 0 1 0 0 0 3000 3 14 14 5
2 48 0 1 0 0 0 3000 2 3 3 14
2 49 0 1 0 0 0 3000 3 2 2 3
2 50 1 1 1 0 0 336 1 3 3 2
2 51 1 1 1 0 0 295 1 2 2 3
2 52 0 1 0 0 0 3000 3 9 9 2
2 53 0 1 0 0 0 3000 3 3 3 9
2 54 0 1 0 0 0 3000 2 6 6 3
2 55 1 1 1 0 0 289 1 3 3 6
2 56 0 1 0 0 0 3000 2 2 2 3
2 57 0 1 0 0 0 3000 2 10 10 2
2 58 0 1 0 0 0 3000 3 6 6 10
2 59 0 1 0 0 0 3000 3 3 3 6
2 60 1 1 1 0 0 776 1 6 6 3
2 61 0 1 0 0 0 3000 2 5 5 6
2 62 0 1 0 0 0 3000 3 2 2 5
2 63 0 1 0 0 0 3000 3 10 10 2
2 64 0 1 0 0 0 3000 3 9 9 10
2 65 0 1 0 0 0 3000 2 3 3 9
2 66 0 1 0 0 0 3000 2 4 4 3
2 67 0 1 0 0 0 3000 2 12 12 4
2 68 0 1 0 0 0 3000 2 12 12 12
2 69 0 1 0 0 0 3000 3 14 14 12
2 70 0 1 0 0 0 3000 3 10 10 14
2 71 0 1 0 0 0 3000 3 7 7 10
2 72 0 1 0 0 0 3000 2 4 4 7
2 73 1 1 1 0 0 370 1 7 7 4
2 74 0 1 0 0 0 3000 2 3 3 7
2 75 0 1 0 0 0 3000 2 13 13 3
