1 1 0 1 0 0 0 3000 3 5 5 0
1 2 0 1 0 0 0 3000 1 2 2 5
1 3 1 1 1 0 0 931 1 5 5 2
1 4 0 1 0 0 0 3000 3 1 1 5
1 5 0 1 0 0 0 3000 3 14 14 1
1 6 0 1 0 0 0 3000 2 7 7 14
1 7 1 1 1 0 0 396 1 14 14 7
1 8 0 1 0 0 0 3000 3 5 5 14
1 9 0 1 0 0 0 3000 3 10 10 5
1 10 0 1 0 0 0 3000 2 15 15 10
2 1 0 1 0 0 0 3000 3 14 14 15
2 2 0 1 0 0 0 3000 1 3 3 14
2 3 1 1 1 0 0 459 1 14 14 3
2 4 1 1 1 0 0 518 1 3 3 14
2 5 0 1 0 0 0 3000 2 9 9 3
2 6 0 1 0 0 0 3000 3 15 15 9
2 7 0 1 0 0 0 3000 3 4 4 15
2 8 1 1 1 0 0 429 1 15 15 4
2 9 1 1 1 0 0 608 1 4 4 15
2 10 1 1 1 0 0 742 1 15 15 4
2 11 1 1 1 0 0 431 1 4 4 15
2 12 1 1 1 0 0 487 1 15 15 4
2 13 0 1 0 0 0 3000 3 12 12 15
2 14 0 1 0 0 0 3000 2 8 8 12
2 15 0 1 0 0 0 3000 3 10 10 8
2 16 1 1 1 0 0 585 1 8 8 10
2 17 1 1 1 0 0 389 1 10 10 8
2 18 0 1 0 0 0 3000 3 13 13 10
2 19 0 1 0 0 0 3000 2 11 11 13
2 20 0 1 0 0 0 3000 3 10 10 11
2 21 0 1 0 0 0 3000 2 1 1 10
2 22 1 1 1 0 0 509 1 10 10 1
2 23 1 1 1 0 0 662 1 1 1 10
2 24 0 1 0 0 0 3000 2 12 12 1
2 25 0 1 0 0 0 3000 2 14 14 12
2 26 1 0 0 1 0 3000 1 12 12 14
2 27 0 1 0 0 0 3000 3 8 8 12
2 28 1 1 1 0 0 369 1 12 12 8
2 29 0 1 0 0 0 3000 2 14 14 12
2 30 0 1 0 0 0 3000 2 15 15 14
2 31 1 1 1 0 0 510 1 14 14 15
2 32 0 1 0 0 0 3000 2 10 10 14
2 33 0 0 0 0 1 461 3 10 10 10
2 34 0 1 0 0 0 3000 2 13 13 10
2 35 1 1 1 0 0 402 1 10 10 13
2 36 0 1 0 0 0 3000 3 3 3 10
2 37 1 1 1 0 0 548 1 10 10 3
2 38 0 0 0 0 1 557 3 10 10 10
2 39 0 1 0 0 0 3000 2 2 2 10
2 40 1 1 1 0 0 970 1 10 10 2
2 41 1 1 1 0 0 694 1 2 2 10
2 42 1 1 1 0 0 445 1 10 10 2
2 43 0 1 0 0 0 3000 3 13 13 10
2 44 0 1 0 0 0 3000 2 11 11 13
2 45 0 1 0 0 0 3000 2 8 8 11
2 46 0 1 0 0 0 3000 3 2 2 8
2 47 0 1 0 0 0 3000 2 6 6 2
2 48 1 1 1 0 0 722 1 2 2 6
2 49 1 1 1 0 0 667 1 6 6 2
2 50 1 1 1 0 0 675 1 2 2 6
2 51 0 1 0 0 0 3000 2 7 7 2
2 52 0 1 0 0 0 3000 2 10 10 7
2 53 0 1 0 0 0 3000 2 1 1 10
2 54 0 1 0 0 0 3000 2 15 15 1
2 55 0 1 0 0 0 3000 3 10 10 15
2 56 0 1 0 0 0 3000 2 6 6 10
2 57 0 1 0 0 0 3000 3 4 4 6
2 58 0 1 0 0 0 3000 3 12 12 4
2 59 0 1 0 0 0 3000 2 15 15 12
2 60 1 1 1 0 0 402 1 12 12 15
2 61 0 1 0 0 0 3000 2 6 6 12
2 62 0 1 0 0 0 3000 2 1 1 6
2 63 0 1 0 0 0 3000 2 1 1 1
2 64 1 1 1 0 0 503 1 1 1 1
2 65 1 1 1 0 0 582 1 1 1 1
2 66 0 1 0 0 0 3000 2 2 2 1
2 67 0 1 0 0 0 3000 2 8 8 2
2 68 0 1 0 0 0 3000 2 3 3 8
2 69 0 1 0 0 0 3000 3 15 15 3
2 70 0 1 0 0 0 3000 2 14 14 15
2 71 0 1 0 0 0 3000 2 7 7 14
2 72 1 1 1 0 0 550 1 14 14 7
2 73 1 1 1 0 0 618 1 7 7 14
2 74 0 1 0 0 0 3000 3 3 3 7
2 75 1 1 1 0 0 399 1 7 7 3
