1 1 0 1 0 0 0 3000 1 4 4 0
1 2 0 1 0 0 0 3000 2 2 2 4
1 3 1 1 1 0 0 716 1 4 4 2
1 4 0 1 0 0 0 3000 2 7 7 4
1 5 0 1 0 0 0 3000 2 7 7 7
1 6 0 1 0 0 0 3000 2 11 11 7
1 7 0 1 0 0 0 3000 2 3 3 11
1 8 1 1 1 0 0 396 1 11 11 3
1 9 1 1 1 0 0 548 1 3 3 11
1 10 1 1 1 0 0 417 1 11 11 3
2 1 0 1 0 0 0 3000 3 6 6 11
2 2 0 1 0 0 0 3000 1 9 9 6
2 3 1 1 1 0 0 479 1 6 6 9
2 4 0 1 0 0 0 3000 3 2 2 6
2 5 0 1 0 0 0 3000 2 9 9 2
2 6 0 1 0 0 0 3000 3 14 14 9
2 7 1 1 1 0 0 449 1 9 9 14
2 8 1 1 1 0 0 496 1 14 14 9
2 9 1 1 1 0 0 398 1 9 9 14
2 10 1 1 1 0 0 390 1 14 14 9
2 11 0 1 0 0 0 3000 2 2 2 14
2 12 0 1 0 0 0 3000 2 13 13 2
2 13 0 1 0 0 0 3000 3 3 3 13
2 14 0 1 0 0 0 3000 3 10 10 3
2 15 1 1 1 0 0 569 1 3 3 10
2 16 1 1 1 0 0 356 1 10 10 3
2 17 1 1 1 0 0 574 1 3 3 10
2 18 0 1 0 0 0 3000 2 15 15 3
2 19 0 1 0 0 0 3000 3 9 9 15
2 20 1 1 1 0 0 444 1 15 15 9
2 21 0 1 0 0 0 3000 2 1 1 15
2 22 1 0 0 1 0 3000 1 15 15 1
2 23 0 1 0 0 0 3000 3 8 8 15
2 24 0 1 0 0 0 3000 3 6 6 8
2 25 0 1 0 0 0 3000 2 6 6 6
2 26 0 1 0 0 0 3000 2 10 10 6
2 27 0 1 0 0 0 3000 3 15 15 10
2 28 0 1 0 0 0 3000 2 2 2 15
2 29 1 1 1 0 0 642 1 15 15 2
2 30 0 1 0 0 0 3000 3 8 8 15
2 31 0 1 0 0 0 3000 2 3 3 8
2 32 1 1 1 0 0 493 1 8 8 3
2 33 0 1 0 0 0 3000 3 4 4 8
2 34 1 1 1 0 0 1200 1 8 8 4
2 35 0 1 0 0 0 3000 3 9 9 8
2 36 0 1 0 0 0 3000 2 2 2 9
2 37 0 1 0 0 0 3000 3 6 6 2
2 38 0 0 0 0 1 980 3 9 9 6
2 39 0 1 0 0 0 3000 2 11 11 9
2 40 0 1 0 0 0 3000 3 3 3 11
2 41 0 1 0 0 0 3000 2 9 9 3
2 42 1 1 1 0 0 704 1 3 3 9
2 43 0 1 0 0 0 3000 2 8 8 3
2 44 1 0 0 1 0 3000 1 3 3 8
2 45 1 1 1 0 0 682 1 8 8 3
2 46 0 1 0 0 0 3000 2 7 7 8
2 47 0 1 0 0 0 3000 3 6 6 7
2 48 0 1 0 0 0 3000 3 13 13 6
2 49 0 1 0 0 0 3000 3 1 1 13
2 50 1 1 1 0 0 424 1 13 13 1
2 51 0 1 0 0 0 3000 3 12 12 13
2 52 0 1 0 0 0 3000 2 8 8 12
2 53 0 1 0 0 0 3000 3 13 13 8
2 54 1 1 1 0 0 951 1 8 8 13
2 55 0 1 0 0 0 3000 2 5 5 8
2 56 1 1 1 0 0 490 1 8 8 5
2 57 1 1 1 0 0 660 1 5 5 8
2 58 1 1 1 0 0 714 1 8 8 5
2 59 1 1 1 0 0 546 1 5 5 8
2 60 0 1 0 0 0 3000 2 4 4 5
2 61 0 1 0 0 0 3000 3 1 1 4
2 62 1 1 1 0 0 464 1 4 4 1
2 63 0 1 0 0 0 3000 3 2 2 4
2 64 0 1 0 0 0 3000 2 11 11 2
2 65 0 1 0 0 0 3000 3 12 12 11
2 66 1 1 1 0 0 853 1 11 11 12
2 67 0 1 0 0 0 3000 3 10 10 11
2 68 1 1 1 0 0 392 1 11 11 10
2 69 0 1 0 0 0 3000 2 15 15 11
2 70 1 1 1 0 0 366 1 11 11 15
2 71 0 1 0 0 0 3000 3 5 5 11
2 72 0 1 0 0 0 3000 3 10 10 5
2 73 0 1 0 0 0 3000 3 4 4 10
2 74 1 1 1 0 0 863 1 10 10 4
2 75 0 1 0 0 0 3000 3 5 5 10
