1 1 0 1 0 0 0 3000 1 5 5 0
1 2 0 1 0 0 0 3000 3 4 4 5
1 3 1 1 1 0 0 399 1 5 5 4
1 4 0 1 0 0 0 3000 2 8 8 5
1 5 0 1 0 0 0 3000 2 13 13 8
1 6 0 1 0 0 0 3000 2 6 6 13
1 7 0 1 0 0 0 3000 3 4 4 6
1 8 0 1 0 0 0 3000 3 13 13 4
1 9 0 1 0 0 0 3000 2 5 5 13
1 10 1 1 1 0 0 376 1 13 13 5
2 1 0 1 0 0 0 3000 3 14 14 13
2 2 0 1 0 0 0 3000 2 4 4 14
2 3 1 1 1 0 0 313 1 14 14 4
2 4 0 1 0 0 0 3000 3 11 11 14
2 5 1 1 1 0 0 600 1 14 14 11
2 6 0 1 0 0 0 3000 3 9 9 14
2 7 1 1 1 0 0 403 1 14 14 9
2 8 0 1 0 0 0 3000 2 1 1 14
2 9 0 1 0 0 0 3000 3 8 8 1
2 10 1 1 1 0 0 350 1 1 1 8
2 11 0 1 0 0 0 3000 2 11 11 1
2 12 0 1 0 0 0 3000 2 10 10 11
2 13 0 1 0 0 0 3000 3 2 2 10
2 14 0 1 0 0 0 3000 3 12 12 2
2 15 0 1 0 0 0 3000 3 14 14 12
2 16 0 1 0 0 0 3000 2 10 10 14
2 17 1 1 1 0 0 325 1 14 14 10
2 18 1 1 1 0 0 705 1 10 10 14
2 19 1 1 1 0 0 376 1 14 14 10
2 20 0 1 0 0 0 3000 3 14 14 14
2 21 1 1 1 0 0 712 1 14 14 14
2 22 0 1 0 0 0 3000 3 2 2 14
2 23 0 1 0 0 0 3000 3 9 9 2
2 24 0 1 0 0 0 3000 3 1 1 9
2 25 1 1 1 0 0 505 1 9 9 1
2 26 1 1 1 0 0 366 1 1 1 9
2 27 1 1 1 0 0 422 1 9 9 1
2 28 1 1 1 0 0 327 1 1 1 9
2 29 0 1 0 0 0 3000 2 6 6 1
2 30 0 1 0 0 0 3000 2 4 4 6
2 31 0 1 0 0 0 3000 3 14 14 4
2 32 0 1 0 0 0 3000 2 1 1 14
2 33 0 1 0 0 0 3000 3 8 8 1
2 34 0 1 0 0 0 3000 2 11 11 8
2 35 0 1 0 0 0 3000 2 2 2 11
2 36 0 1 0 0 0 3000 3 7 7 2
2 37 0 1 0 0 0 3000 2 5 5 7
2 38 0 1 0 0 0 3000 2 4 4 5
2 39 1 1 1 0 0 657 1 5 5 4
2 40 0 0 0 0 1 826 3 7 7 5
2 41 1 1 1 0 0 622 1 5 5 7
2 42 1 0 0 1 0 3000 1 7 7 5
2 43 0 1 0 0 0 3000 2 8 8 7
2 44 0 1 0 0 0 3000 3 13 13 8
2 45 0 1 0 0 0 3000 2 14 14 13
2 46 0 1 0 0 0 3000 3 11 11 14
2 47 0 1 0 0 0 3000 3 15 15 11
2 48 1 1 1 0 0 491 1 11 11 15
2 49 1 1 1 0 0 614 1 15 15 11
2 50 1 1 1 0 0 334 1 11 11 15
2 51 0 1 0 0 0 3000 2 1 1 11
2 52 0 1 0 0 0 3000 2 12 12 1
2 53 0 1 0 0 0 3000 3 5 5 12
2 54 0 1 0 0 0 3000 2 7 7 5
2 55 0 1 0 0 0 3000 3 6 6 7
2 56 0 1 0 0 0 3000 2 14 14 6
2 57 0 1 0 0 0 3000 2 3 3 14
2 58 0 1 0 0 0 3000 3 1 1 3
2 59 0 1 0 0 0 3000 2 13 13 1
2 60 0 1 0 0 0 3000 2 6 6 13
2 61 1 1 1 0 0 414 1 13 13 6
2 62 0 1 0 0 0 3000 3 9 9 13
2 63 1 1 1 0 0 349 1 13 13 9
2 64 1 1 1 0 0 638 1 9 9 13
2 65 0 1 0 0 0 3000 3 3 3 9
2 66 1 1 1 0 0 393 1 9 9 3
2 67 0 1 0 0 0 3000 3 10 10 9
2 68 0 1 0 0 0 3000 2 4 4 10
2 69 0 1 0 0 0 3000 3 5 5 4
2 70 1 1 1 0 0 428 1 4 4 5
2 71 0 1 0 0 0 3000 2 1 1 4
2 72 0 1 0 0 0 3000 3 2 2 1
2 73 0 1 0 0 0 3000 3 5 5 2
2 74 0 1 0 0 0 3000 2 15 15 5
2 75 0 1 0 0 0 3000 3 10 10 15
