1 1 0 1 0 0 0 3000 1 2 2 0
1 2 0 1 0 0 0 3000 3 12 12 2
1 3 1 1 1 0 0 458 1 2 2 12
1 4 0 1 0 0 0 3000 2 2 2 2
1 5 0 0 0 0 1 1061 3 12 12 2
1 6 0 1 0 0 0 3000 2 4 4 12
1 7 0 1 0 0 0 3000 3 10 10 4
1 8 1 1 1 0 0 495 1 4 4 10
1 9 0 1 0 0 0 3000 3 9 9 4
1 10 0 1 0 0 0 3000 3 8 8 9
2 1 0 1 0 0 0 3000 1 13 13 8
2 2 0 1 0 0 0 3000 2 7 7 13
2 3 1 1 1 0 0 658 1 13 13 7
2 4 0 1 0 0 0 3000 2 13 13 13
2 5 0 1 0 0 0 3000 2 11 11 13
2 6 0 1 0 0 0 3000 2 11 11 11
2 7 0 1 0 0 0 3000 2 15 15 11
2 8 0 1 0 0 0 3000 3 8 8 15
2 9 0 1 0 0 0 3000 3 13 13 8
2 10 1 1 1 0 0 676 1 8 8 13
2 11 0 1 0 0 0 3000 3 5 5 8
2 12 0 1 0 0 0 3000 2 7 7 5
2 13 0 1 0 0 0 3000 2 14 14 7
2 14 1 1 1 0 0 357 1 7 7 14
2 15 0 1 0 0 0 3000 3 10 10 7
2 16 0 1 0 0 0 3000 2 12 12 10
2 17 0 1 0 0 0 3000 2 1 1 12
2 18 0 1 0 0 0 3000 2 15 15 1
2 19 1 1 1 0 0 371 1 1 1 15
2 20 0 1 0 0 0 3000 2 9 9 1
2 21 0 1 0 0 0 3000 2 4 4 9
2 22 0 1 0 0 0 3000 2 7 7 4
2 23 1 1 1 0 0 526 1 4 4 7
2 24 0 1 0 0 0 3000 3 9 9 4
2 25 1 0 0 1 0 3000 1 4 4 9
2 26 0 1 0 0 0 3000 2 14 14 4
2 27 1 1 1 0 0 494 1 4 4 14
2 28 0 1 0 0 0 3000 3 6 6 4
2 29 0 1 0 0 0 3000 2 12 12 6
2 30 0 1 0 0 0 3000 3 7 7 12
2 31 0 1 0 0 0 3000 3 1 1 7
2 32 0 1 0 0 0 3000 3 3 3 1
2 33 1 1 1 0 0 406 1 1 1 3
2 34 0 1 0 0 0 3000 3 13 13 1
2 35 0 1 0 0 0 3000 3 8 8 13
2 36 1 1 1 0 0 1236 1 13 13 8
2 37 1 1 1 0 0 654 1 8 8 13
2 38 0 1 0 0 0 3000 2 15 15 8
2 39 0 1 0 0 0 3000 2 11 11 15
2 40 0 1 0 0 0 3000 3 6 6 11
2 41 0 1 0 0 0 3000 3 15 15 6
2 42 0 1 0 0 0 3000 3 13 13 15
2 43 0 1 0 0 0 3000 2 6 6 13
2 44 0 1 0 0 0 3000 3 3 3 6
2 45 1 1 1 0 0 381 1 6 6 3
2 46 0 1 0 0 0 3000 3 14 14 6
2 47 0 1 0 0 0 3000 2 1 1 14
2 48 0 1 0 0 0 3000 3 5 5 1
2 49 0 1 0 0 0 3000 2 12 12 5
2 50 1 1 1 0 0 1028 1 5 5 12
2 51 0 1 0 0 0 3000 3 13 13 5
2 52 1 0 0 1 0 3000 1 5 5 13
2 53 1 1 1 0 0 653 1 13 13 5
2 54 0 1 0 0 0 3000 3 6 6 13
2 55 1 0 0 1 0 3000 1 13 13 6
2 56 0 1 0 0 0 3000 3 15 15 13
2 57 0 1 0 0 0 3000 2 5 5 15
2 58 1 1 1 0 0 1081 1 15 15 5
2 59 0 1 0 0 0 3000 2 3 3 15
2 60 0 1 0 0 0 3000 3 12 12 3
2 61 1 1 1 0 0 472 1 3 3 12
2 62 0 1 0 0 0 3000 2 7 7 3
2 63 0 0 0 0 1 601 2 7 7 7
2 64 1 1 1 0 0 878 1 7 7 7
2 65 1 0 0 1 0 3000 1 7 7 7
2 66 0 0 0 0 1 760 3 12 12 7
2 67 0 1 0 0 0 3000 2 9 9 12
2 68 1 0 0 1 0 3000 1 12 12 9
2 69 0 1 0 0 0 3000 2 5 5 12
2 70 1 1 1 0 0 518 1 12 12 5
2 71 1 1 1 0 0 752 1 5 5 12
2 72 1 0 0 1 0 3000 1 12 12 5
2 73 0 1 0 0 0 3000 2 13 13 12
2 74 1 1 1 0 0 428 1 12 12 13
2 75 0 1 0 0 0 3000 3 1 1 12
