1 1 0 1 0 0 0 3000 3 10 10 0
1 2 0 1 0 0 0 3000 2 3 3 10
1 3 0 1 0 0 0 3000 2 6 6 3
1 4 0 1 0 0 0 3000 2 11 11 6
1 5 0 1 0 0 0 3000 2 1 1 11
1 6 0 1 0 0 0 3000 3 14 14 1
1 7 0 0 0 0 1 779 3 6 6 14
1 8 0 1 0 0 0 3000 2 15 15 6
1 9 0 1 0 0 0 3000 3 12 12 15
1 10 1 1 1 0 0 545 1 15 15 12
2 1 0 1 0 0 0 3000 3 1 1 15
2 2 0 1 0 0 0 3000 1 9 9 1
2 3 1 1 1 0 0 657 1 1 1 9
2 4 0 1 0 0 0 3000 2 2 2 1
2 5 0 1 0 0 0 3000 3 4 4 2
2 6 0 0 0 0 1 656 3 9 9 4
2 7 0 0 0 0 1 767 3 9 9 9
2 8 0 1 0 0 0 3000 3 1 1 9
2 9 1 0 0 1 0 3000 1 9 9 1
2 10 0 1 0 0 0 3000 2 10 10 9
2 11 0 1 0 0 0 3000 3 15 15 10
2 12 1 1 1 0 0 469 1 10 10 15
2 13 1 1 1 0 0 1425 1 15 15 10
2 14 0 1 0 0 0 3000 3 9 9 15
2 15 0 1 0 0 0 3000 3 9 9 9
2 16 0 1 0 0 0 3000 3 8 8 9
2 17 1 1 1 0 0 469 1 9 9 8
2 18 0 1 0 0 0 3000 3 14 14 9
2 19 0 1 0 0 0 3000 3 1 1 14
2 20 0 0 0 0 1 603 2 1 1 1
2 21 0 1 0 0 0 3000 2 5 5 1
2 22 0 1 0 0 0 3000 3 11 11 5
2 23 0 1 0 0 0 3000 3 14 14 11
2 24 1 1 1 0 0 398 1 11 11 14
2 25 1 0 0 1 0 3000 1 14 14 11
2 26 0 1 0 0 0 3000 3 10 10 14
2 27 1 1 1 0 0 399 1 14 14 10
2 28 0 1 0 0 0 3000 2 13 13 14
2 29 1 0 0 1 0 3000 1 14 14 13
2 30 0 0 0 0 1 679 3 14 14 14
2 31 1 0 0 1 0 3000 1 14 14 14
2 32 0 1 0 0 0 3000 2 8 8 14
2 33 0 1 0 0 0 3000 3 2 2 8
2 34 0 1 0 0 0 3000 3 7 7 2
2 35 0 1 0 0 0 3000 3 13 13 7
2 36 0 1 0 0 0 3000 2 4 4 13
2 37 0 1 0 0 0 3000 3 14 14 4
2 38 0 1 0 0 0 3000 3 12 12 14
2 39 0 1 0 0 0 3000 2 5 5 12
2 40 1 1 1 0 0 589 1 12 12 5
2 41 0 1 0 0 0 3000 3 7 7 12
2 42 0 1 0 0 0 3000 3 9 9 7
2 43 1 1 1 0 0 364 1 7 7 9
2 44 0 1 0 0 0 3000 2 14 14 7
2 45 0 1 0 0 0 3000 2 2 2 14
2 46 0 1 0 0 0 3000 3 5 5 2
2 47 1 1 1 0 0 516 1 2 2 5
2 48 0 1 0 0 0 3000 3 3 3 2
2 49 0 1 0 0 0 3000 3 7 7 3
2 50 0 1 0 0 0 3000 3 13 13 7
2 51 0 1 0 0 0 3000 3 10 10 13
2 52 0 1 0 0 0 3000 3 7 7 10
2 53 1 1 1 0 0 396 1 10 10 7
2 54 0 1 0 0 0 3000 2 3 3 10
2 55 0 1 0 0 0 3000 2 2 2 3
2 56 0 1 0 0 0 3000 3 6 6 2
2 57 0 1 0 0 0 3000 3 9 9 6
2 58 0 1 0 0 0 3000 3 4 4 9
2 59 0 1 0 0 0 3000 3 2 2 4
2 60 0 1 0 0 0 3000 3 14 14 2
2 61 0 1 0 0 0 3000 3 12 12 14
2 62 0 1 0 0 0 3000 3 1 1 12
2 63 0 1 0 0 0 3000 3 14 14 1
2 64 1 1 1 0 0 447 1 1 1 14
2 65 0 1 0 0 0 3000 3 5 5 1
2 66 0 1 0 0 0 3000 3 13 13 5
2 67 1 1 1 0 0 503 1 5 5 13
2 68 0 1 0 0 0 3000 3 9 9 5
2 69 0 1 0 0 0 3000 2 11 11 9
2 70 1 1 1 0 0 479 1 9 9 11
2 71 0 1 0 0 0 3000 3 12 12 9
2 72 0 1 0 0 0 3000 2 2 2 12
2 73 0 1 0 0 0 3000 2 1 1 2
2 74 0 1 0 0 0 3000 2 7 7 1
2 75 1 1 1 0 0 594 1 1 1 7
