1 1 0 1 0 0 0 3000 1 15 15 0
1 2 0 1 0 0 0 3000 1 5 5 15
1 3 0 1 0 0 0 3000 2 1 1 5
1 4 0 1 0 0 0 3000 3 10 10 1
1 5 0 1 0 0 0 3000 3 10 10 10
1 6 0 1 0 0 0 3000 3 7 7 10
1 7 0 1 0 0 0 3000 3 1 1 7
1 8 1 1 1 0 0 1410 1 7 7 1
1 9 0 1 0 0 0 3000 2 15 15 7
1 10 1 1 1 0 0 1266 1 7 7 15
2 1 0 1 0 0 0 3000 2 5 5 7
2 2 0 1 0 0 0 3000 3 4 4 5
2 3 1 1 1 0 0 658 1 5 5 4
2 4 1 1 1 0 0 834 1 4 4 5
2 5 0 0 0 0 1 794 2 4 4 4
2 6 0 1 0 0 0 3000 2 3 3 4
2 7 0 1 0 0 0 3000 2 9 9 3
2 8 1 1 1 0 0 645 1 3 3 9
2 9 0 1 0 0 0 3000 2 15 15 3
2 10 0 1 0 0 0 3000 2 12 12 15
2 11 0 1 0 0 0 3000 2 12 12 12
2 12 0 1 0 0 0 3000 3 10 10 12
2 13 0 1 0 0 0 3000 2 6 6 10
2 14 0 1 0 0 0 3000 2 14 14 6
2 15 0 1 0 0 0 3000 3 15 15 14
2 16 1 1 1 0 0 972 1 14 14 15
2 17 0 1 0 0 0 3000 2 4 4 14
2 18 0 1 0 0 0 3000 3 12 12 4
2 19 0 1 0 0 0 3000 3 1 1 12
2 20 0 1 0 0 0 3000 3 15 15 1
2 21 0 1 0 0 0 3000 2 3 3 15
2 22 0 1 0 0 0 3000 3 9 9 3
2 23 1 1 1 0 0 2817 1 3 3 9
2 24 0 1 0 0 0 3000 3 4 4 3
2 25 0 1 0 0 0 3000 2 5 5 4
2 26 1 1 1 0 0 544 1 4 4 5
2 27 1 1 1 0 0 592 1 5 5 4
2 28 1 0 0 1 0 3000 1 4 4 5
2 29 1 1 1 0 0 465 1 5 5 4
2 30 0 1 0 0 0 3000 2 11 11 5
2 31 0 1 0 0 0 3000 2 14 14 11
2 32 0 1 0 0 0 3000 2 2 2 14
2 33 1 1 1 0 0 463 1 14 14 2
2 34 0 1 0 0 0 3000 3 13 13 14
2 35 0 1 0 0 0 3000 2 5 5 13
2 36 0 1 0 0 0 3000 2 12 12 5
2 37 0 1 0 0 0 3000 2 8 8 12
2 38 0 1 0 0 0 3000 3 4 4 8
2 39 1 1 1 0 0 448 1 8 8 4
2 40 0 1 0 0 0 3000 3 14 14 8
2 41 0 1 0 0 0 3000 3 10 10 14
2 42 1 1 1 0 0 612 1 14 14 10
2 43 0 1 0 0 0 3000 3 4 4 14
2 44 0 1 0 0 0 3000 3 6 6 4
2 45 0 1 0 0 0 3000 3 8 8 6
2 46 0 1 0 0 0 3000 2 7 7 8
2 47 1 1 1 0 0 536 1 8 8 7
2 48 0 1 0 0 0 3000 3 15 15 8
2 49 1 1 1 0 0 847 1 8 8 15
2 50 0 1 0 0 0 3000 3 13 13 8
2 51 0 1 0 0 0 3000 2 6 6 13
2 52 1 1 1 0 0 422 1 13 13 6
2 53 0 1 0 0 0 3000 2 3 3 13
2 54 0 1 0 0 0 3000 2 4 4 3
2 55 0 1 0 0 0 3000 3 9 9 4
2 56 0 0 0 0 1 739 3 3 3 9
2 57 1 1 1 0 0 839 1 9 9 3
2 58 0 1 0 0 0 3000 2 4 4 9
2 59 1 1 1 0 0 505 1 9 9 4
2 60 0 1 0 0 0 3000 2 8 8 9
2 61 0 1 0 0 0 3000 2 5 5 8
2 62 0 0 0 0 1 578 2 9 9 5
2 63 0 0 0 0 1 567 3 4 4 9
2 64 0 1 0 0 0 3000 2 4 4 4
2 65 0 1 0 0 0 3000 2 13 13 4
2 66 0 1 0 0 0 3000 3 12 12 13
2 67 1 1 1 0 0 426 1 13 13 12
2 68 0 1 0 0 0 3000 2 4 4 13
2 69 0 1 0 0 0 3000 2 3 3 4
2 70 0 1 0 0 0 3000 3 2 2 3
2 71 0 1 0 0 0 3000 2 15 15 2
2 72 0 1 0 0 0 3000 2 10 10 15
2 73 0 1 0 0 0 3000 2 8 8 10
2 74 0 1 0 0 0 3000 3 6 6 8
2 75 1 1 1 0 0 725 1 8 8 6
