1 1 0 1 0 0 0 3000 2 7 7 0
1 2 0 1 0 0 0 3000 2 14 14 7
1 3 1 1 1 0 0 366 1 7 7 14
1 4 0 1 0 0 0 3000 2 5 5 7
1 5 1 1 1 0 0 336 1 7 7 5
1 6 1 1 1 0 0 468 1 5 5 7
1 7 0 1 0 0 0 3000 2 13 13 5
1 8 0 1 0 0 0 3000 3 14 14 13
1 9 0 1 0 0 0 3000 3 12 12 14
1 10 0 1 0 0 0 3000 2 2 2 12
2 1 0 1 0 0 0 3000 2 3 3 2
2 2 0 1 0 0 0 3000 2 14 14 3
2 3 0 1 0 0 0 3000 2 5 5 14
2 4 0 1 0 0 0 3000 2 5 5 5
2 5 0 1 0 0 0 3000 2 1 1 5
2 6 0 1 0 0 0 3000 3 7 7 1
2 7 1 1 1 0 0 300 1 1 1 7
2 8 0 1 0 0 0 3000 2 2 2 1
2 9 1 0 0 1 0 3000 1 1 1 2
2 10 1 1 1 0 0 325 1 2 2 1
2 11 0 1 0 0 0 3000 2 7 7 2
2 12 1 0 0 1 0 3000 1 2 2 7
2 13 0 1 0 0 0 3000 2 10 10 2
2 14 0 1 0 0 0 3000 3 15 15 10
2 15 0 1 0 0 0 3000 2 3 3 15
2 16 0 0 0 0 1 502 3 3 3 3
2 17 0 1 0 0 0 3000 3 13 13 3
2 18 0 1 0 0 0 3000 3 13 13 13
2 19 0 1 0 0 0 3000 2 7 7 13
2 20 0 1 0 0 0 3000 3 8 8 7
2 21 0 1 0 0 0 3000 2 9 9 8
2 22 0 1 0 0 0 3000 3 5 5 9
2 23 0 1 0 0 0 3000 2 8 8 5
2 24 0 1 0 0 0 3000 2 2 2 8
2 25 1 1 1 0 0 653 1 8 8 2
2 26 0 1 0 0 0 3000 3 10 10 8
2 27 0 1 0 0 0 3000 3 11 11 10
2 28 1 1 1 0 0 511 1 10 10 11
2 29 0 1 0 0 0 3000 3 12 12 10
2 30 0 1 0 0 0 3000 2 5 5 12
2 31 0 1 0 0 0 3000 3 13 13 5
2 32 0 1 0 0 0 3000 3 1 1 13
2 33 1 1 1 0 0 325 1 13 13 1
2 34 0 1 0 0 0 3000 2 12 12 13
2 35 1 1 1 0 0 389 1 13 13 12
2 36 1 0 0 1 0 3000 1 12 12 13
2 37 0 1 0 0 0 3000 2 6 6 12
2 38 1 1 1 0 0 361 1 12 12 6
2 39 1 1 1 0 0 788 1 6 6 12
2 40 0 1 0 0 0 3000 3 2 2 6
2 41 1 1 1 0 0 450 1 6 6 2
2 42 1 1 1 0 0 711 1 2 2 6
2 43 1 1 1 0 0 395 1 6 6 2
2 44 0 1 0 0 0 3000 3 12 12 6
2 45 1 1 1 0 0 427 1 6 6 12
2 46 0 1 0 0 0 3000 3 10 10 6
2 47 1 1 1 0 0 352 1 6 6 10
2 48 0 1 0 0 0 3000 2 12 12 6
2 49 0 1 0 0 0 3000 2 15 15 12
2 50 1 1 1 0 0 387 1 12 12 15
2 51 0 1 0 0 0 3000 2 5 5 12
2 52 0 1 0 0 0 3000 3 1 1 5
2 53 1 1 1 0 0 483 1 5 5 1
2 54 0 1 0 0 0 3000 2 10 10 5
2 55 0 1 0 0 0 3000 2 15 15 10
2 56 0 1 0 0 0 3000 3 3 3 15
2 57 1 1 1 0 0 348 1 15 15 3
2 58 0 1 0 0 0 3000 2 11 11 15
2 59 0 1 0 0 0 3000 2 3 3 11
2 60 0 1 0 0 0 3000 2 15 15 3
2 61 0 1 0 0 0 3000 3 6 6 15
2 62 0 1 0 0 0 3000 3 5 5 6
2 63 1 1 1 0 0 308 1 6 6 5
2 64 0 1 0 0 0 3000 2 15 15 6
2 65 0 1 0 0 0 3000 2 2 2 15
2 66 0 1 0 0 0 3000 2 5 5 2
2 67 0 1 0 0 0 3000 2 1 1 5
2 68 1 1 1 0 0 337 1 5 5 1
2 69 1 1 1 0 0 788 1 1 1 5
2 70 0 0 0 0 1 418 3 1 1 1
2 71 0 1 0 0 0 3000 2 15 15 1
2 72 0 1 0 0 0 3000 3 8 8 15
2 73 1 1 1 0 0 602 1 15 15 8
2 74 0 1 0 0 0 3000 3 4 4 15
2 75 0 1 0 0 0 3000 3 8 8 4
