1 1 0 1 0 0 0 3000 2 10 10 0
1 2 0 1 0 0 0 3000 2 15 15 10
1 3 1 1 1 0 0 492 1 10 10 15
1 4 0 1 0 0 0 3000 3 5 5 10
1 5 0 1 0 0 0 3000 3 6 6 5
1 6 1 1 1 0 0 494 1 5 5 6
1 7 1 1 1 0 0 523 1 6 6 5
1 8 0 1 0 0 0 3000 2 6 6 6
1 9 0 1 0 0 0 3000 2 13 13 6
1 10 0 1 0 0 0 3000 3 15 15 13
2 1 0 1 0 0 0 3000 3 4 4 15
2 2 0 1 0 0 0 3000 2 1 1 4
2 3 0 1 0 0 0 3000 2 3 3 1
2 4 0 1 0 0 0 3000 3 11 11 3
2 5 0 0 0 0 1 775 3 11 11 11
2 6 0 1 0 0 0 3000 3 2 2 11
2 7 1 1 1 0 0 436 1 11 11 2
2 8 0 1 0 0 0 3000 2 14 14 11
2 9 0 1 0 0 0 3000 3 15 15 14
2 10 0 1 0 0 0 3000 2 4 4 15
2 11 1 1 1 0 0 658 1 15 15 4
2 12 1 1 1 0 0 539 1 4 4 15
2 13 0 1 0 0 0 3000 3 10 10 4
2 14 1 1 1 0 0 578 1 4 4 10
2 15 0 1 0 0 0 3000 3 14 14 4
2 16 0 1 0 0 0 3000 3 7 7 14
2 17 1 1 1 0 0 543 1 14 14 7
2 18 0 1 0 0 0 3000 2 14 14 14
2 19 0 1 0 0 0 3000 2 1 1 14
2 20 0 0 0 0 1 523 2 1 1 1
2 21 0 1 0 0 0 3000 3 9 9 1
2 22 1 1 1 0 0 434 1 1 1 9
2 23 0 1 0 0 0 3000 2 10 10 1
2 24 0 1 0 0 0 3000 3 6 6 10
2 25 0 1 0 0 0 3000 3 6 6 6
2 26 0 1 0 0 0 3000 2 7 7 6
2 27 0 1 0 0 0 3000 2 8 8 7
2 28 0 1 0 0 0 3000 2 9 9 8
2 29 0 1 0 0 0 3000 2 13 13 9
2 30 0 1 0 0 0 3000 3 3 3 13
2 31 1 1 1 0 0 694 1 13 13 3
2 32 1 1 1 0 0 583 1 3 3 13
2 33 0 1 0 0 0 3000 3 6 6 3
2 34 0 1 0 0 0 3000 2 14 14 6
2 35 1 1 1 0 0 436 1 6 6 14
2 36 0 1 0 0 0 3000 2 5 5 6
2 37 0 0 0 0 1 468 3 14 14 5
2 38 0 1 0 0 0 3000 3 10 10 14
2 39 0 1 0 0 0 3000 3 11 11 10
2 40 1 1 1 0 0 410 1 10 10 11
2 41 1 1 1 0 0 501 1 11 11 10
2 42 0 1 0 0 0 3000 2 13 13 11
2 43 1 0 0 1 0 3000 1 11 11 13
2 44 0 1 0 0 0 3000 3 12 12 11
2 45 0 1 0 0 0 3000 2 8 8 12
2 46 0 1 0 0 0 3000 3 1 1 8
2 47 1 1 1 0 0 409 1 8 8 1
2 48 0 1 0 0 0 3000 2 5 5 8
2 49 1 0 0 1 0 3000 1 8 8 5
2 50 0 1 0 0 0 3000 2 11 11 8
2 51 1 1 1 0 0 412 1 8 8 11
2 52 0 1 0 0 0 3000 2 1 1 8
2 53 0 1 0 0 0 3000 2 13 13 1
2 54 0 1 0 0 0 3000 3 8 8 13
2 55 0 1 0 0 0 3000 2 4 4 8
2 56 0 1 0 0 0 3000 3 15 15 4
2 57 0 1 0 0 0 3000 2 1 1 15
2 58 0 1 0 0 0 3000 3 10 10 1
2 59 0 1 0 0 0 3000 2 8 8 10
2 60 0 1 0 0 0 3000 3 4 4 8
2 61 0 1 0 0 0 3000 2 5 5 4
2 62 1 1 1 0 0 539 1 4 4 5
2 63 0 1 0 0 0 3000 2 14 14 4
2 64 1 1 1 0 0 476 1 4 4 14
2 65 0 1 0 0 0 3000 3 1 1 4
2 66 0 1 0 0 0 3000 3 5 5 1
2 67 0 1 0 0 0 3000 3 2 2 5
2 68 1 1 1 0 0 428 1 5 5 2
2 69 0 1 0 0 0 3000 2 7 7 5
2 70 1 0 0 1 0 3000 1 5 5 7
2 71 0 0 0 0 1 474 3 9 9 5
2 72 1 0 0 1 0 3000 1 5 5 9
2 73 1 0 0 1 0 3000 1 9 9 5
2 74 0 1 0 0 0 3000 2 6 6 9
2 75 0 0 0 0 1 523 2 5 5 6
