1 1 0 1 0 0 0 3000 3 14 14 0
1 2 0 1 0 0 0 3000 1 9 9 14
1 3 1 1 1 0 0 692 1 14 14 9
1 4 1 1 1 0 0 504 1 9 9 14
1 5 0 1 0 0 0 3000 3 6 6 9
1 6 1 1 1 0 0 425 1 9 9 6
1 7 1 1 1 0 0 429 1 6 6 9
1 8 0 1 0 0 0 3000 3 12 12 6
1 9 1 1 1 0 0 407 1 6 6 12
1 10 1 1 1 0 0 399 1 12 12 6
2 1 0 1 0 0 0 3000 2 10 10 12
2 2 0 1 0 0 0 3000 2 5 5 10
2 3 1 1 1 0 0 433 1 10 10 5
2 4 0 1 0 0 0 3000 2 4 4 10
2 5 0 1 0 0 0 3000 3 2 2 4
2 6 0 1 0 0 0 3000 3 6 6 2
2 7 1 1 1 0 0 345 1 2 2 6
2 8 0 1 0 0 0 3000 2 8 8 2
2 9 0 1 0 0 0 3000 3 4 4 8
2 10 1 1 1 0 0 314 1 8 8 4
2 11 0 1 0 0 0 3000 3 9 9 8
2 12 0 1 0 0 0 3000 3 9 9 9
2 13 0 1 0 0 0 3000 3 14 14 9
2 14 0 1 0 0 0 3000 3 1 1 14
2 15 0 1 0 0 0 3000 3 10 10 1
2 16 0 1 0 0 0 3000 2 13 13 10
2 17 0 1 0 0 0 3000 3 13 13 13
2 18 1 1 1 0 0 337 1 13 13 13
2 19 1 1 1 0 0 339 1 13 13 13
2 20 0 1 0 0 0 3000 2 12 12 13
2 21 1 1 1 0 0 484 1 13 13 12
2 22 0 1 0 0 0 3000 2 1 1 13
2 23 0 1 0 0 0 3000 3 14 14 1
2 24 0 1 0 0 0 3000 2 14 14 14
2 25 1 1 1 0 0 286 1 14 14 14
2 26 0 1 0 0 0 3000 3 3 3 14
2 27 1 1 1 0 0 276 1 14 14 3
2 28 0 0 0 0 1 481 2 14 14 14
2 29 1 1 1 0 0 493 1 14 14 14
2 30 0 1 0 0 0 3000 3 8 8 14
2 31 1 1 1 0 0 273 1 14 14 8
2 32 0 1 0 0 0 3000 3 9 9 14
2 33 1 0 0 1 0 3000 1 14 14 9
2 34 0 0 0 0 1 585 2 14 14 14
2 35 1 1 1 0 0 380 1 14 14 14
2 36 0 1 0 0 0 3000 2 11 11 14
2 37 0 1 0 0 0 3000 2 13 13 11
2 38 0 1 0 0 0 3000 3 3 3 13
2 39 0 1 0 0 0 3000 3 8 8 3
2 40 0 1 0 0 0 3000 3 10 10 8
2 41 0 1 0 0 0 3000 3 10 10 10
2 42 1 1 1 0 0 317 1 10 10 10
2 43 1 1 1 0 0 368 1 10 10 10
2 44 0 1 0 0 0 3000 3 14 14 10
2 45 0 1 0 0 0 3000 3 12 12 14
2 46 0 1 0 0 0 3000 2 10 10 12
2 47 0 1 0 0 0 3000 3 3 3 10
2 48 0 1 0 0 0 3000 3 8 8 3
2 49 1 0 0 1 0 3000 1 3 3 8
2 50 0 1 0 0 0 3000 3 2 2 3
2 51 1 0 0 1 0 3000 1 3 3 2
2 52 0 1 0 0 0 3000 3 7 7 3
2 53 0 1 0 0 0 3000 3 5 5 7
2 54 0 1 0 0 0 3000 3 2 2 5
2 55 0 0 0 0 1 501 3 1 1 2
2 56 0 1 0 0 0 3000 2 7 7 1
2 57 1 0 0 1 0 3000 1 1 1 7
2 58 1 1 1 0 0 447 1 7 7 1
2 59 0 1 0 0 0 3000 3 9 9 7
2 60 0 1 0 0 0 3000 3 3 3 9
2 61 0 1 0 0 0 3000 2 12 12 3
2 62 0 1 0 0 0 3000 3 14 14 12
2 63 0 1 0 0 0 3000 3 10 10 14
2 64 0 1 0 0 0 3000 2 11 11 10
2 65 0 1 0 0 0 3000 3 5 5 11
2 66 0 1 0 0 0 3000 2 12 12 5
2 67 1 1 1 0 0 604 1 5 5 12
2 68 0 1 0 0 0 3000 2 8 8 5
2 69 0 1 0 0 0 3000 2 14 14 8
2 70 0 1 0 0 0 3000 3 12 12 14
2 71 0 1 0 0 0 3000 2 7 7 12
2 72 0 1 0 0 0 3000 3 10 10 7
2 73 1 1 1 0 0 353 1 7 7 10
2 74 1 1 1 0 0 460 1 10 10 7
2 75 0 1 0 0 0 3000 2 12 12 10
