1 1 0 1 0 0 0 3000 3 8 8 0
1 2 0 1 0 0 0 3000 3 15 15 8
1 3 1 1 1 0 0 756 1 8 8 15
1 4 0 1 0 0 0 3000 3 3 3 8
1 5 0 1 0 0 0 3000 2 5 5 3
1 6 0 1 0 0 0 3000 3 5 5 5
1 7 1 1 1 0 0 1590 1 5 5 5
1 8 1 0 0 1 0 3000 1 5 5 5
1 9 0 1 0 0 0 3000 2 15 15 5
1 10 1 0 0 1 0 3000 1 5 5 15
2 1 0 1 0 0 0 3000 3 3 3 5
2 2 0 1 0 0 0 3000 3 13 13 3
2 3 0 1 0 0 0 3000 2 2 2 13
2 4 1 0 0 1 0 3000 1 13 13 2
2 5 1 1 1 0 0 1909 1 2 2 13
2 6 0 1 0 0 0 3000 3 4 4 2
2 7 0 1 0 0 0 3000 2 11 11 4
2 8 0 1 0 0 0 3000 3 6 6 11
2 9 1 1 1 0 0 659 1 11 11 6
2 10 0 1 0 0 0 3000 2 12 12 11
2 11 1 1 1 0 0 809 1 11 11 12
2 12 0 1 0 0 0 3000 3 14 14 11
2 13 0 1 0 0 0 3000 3 15 15 14
2 14 1 1 1 0 0 796 1 14 14 15
2 15 1 0 0 1 0 3000 1 15 15 14
2 16 0 0 0 0 1 1083 3 13 13 15
2 17 0 1 0 0 0 3000 3 10 10 13
2 18 0 1 0 0 0 3000 2 5 5 10
2 19 0 1 0 0 0 3000 3 3 3 5
2 20 0 1 0 0 0 3000 3 1 1 3
2 21 0 0 0 0 1 735 3 15 15 1
2 22 0 0 0 0 1 985 3 14 14 15
2 23 1 0 0 1 0 3000 1 15 15 14
2 24 1 0 0 1 0 3000 1 14 14 15
2 25 0 0 0 0 1 781 3 5 5 14
2 26 1 0 0 1 0 3000 1 14 14 5
2 27 0 1 0 0 0 3000 3 9 9 14
2 28 1 1 1 0 0 723 1 14 14 9
2 29 0 1 0 0 0 3000 2 14 14 14
2 30 0 0 0 0 1 657 2 15 15 14
2 31 1 1 1 0 0 1154 1 14 14 15
2 32 0 1 0 0 0 3000 3 13 13 14
2 33 1 1 1 0 0 615 1 14 14 13
2 34 0 1 0 0 0 3000 3 14 14 14
2 35 1 1 1 0 0 503 1 14 14 14
2 36 0 0 0 0 1 1317 3 15 15 14
2 37 0 1 0 0 0 3000 2 6 6 15
2 38 0 0 0 0 1 1337 3 6 6 6
2 39 1 1 1 0 0 581 1 6 6 6
2 40 0 1 0 0 0 3000 2 12 12 6
2 41 0 1 0 0 0 3000 2 10 10 12
2 42 0 1 0 0 0 3000 3 9 9 10
2 43 0 1 0 0 0 3000 2 4 4 9
2 44 0 1 0 0 0 3000 3 11 11 4
2 45 0 1 0 0 0 3000 2 1 1 11
2 46 1 1 1 0 0 997 1 11 11 1
2 47 0 1 0 0 0 3000 3 13 13 11
2 48 0 0 0 0 1 726 3 13 13 13
2 49 0 1 0 0 0 3000 2 4 4 13
2 50 1 1 1 0 0 675 1 13 13 4
2 51 1 1 1 0 0 1023 1 4 4 13
2 52 1 1 1 0 0 1133 1 13 13 4
2 53 1 1 1 0 0 774 1 4 4 13
2 54 0 0 0 0 1 908 3 9 9 4
2 55 0 0 0 0 1 781 3 14 14 9
2 56 0 0 0 0 1 790 2 15 15 14
2 57 0 0 0 0 1 804 2 15 15 15
2 58 0 1 0 0 0 3000 3 2 2 15
2 59 1 1 1 0 0 813 1 15 15 2
2 60 0 1 0 0 0 3000 2 15 15 15
2 61 1 1 1 0 0 548 1 15 15 15
2 62 1 1 1 0 0 1294 1 15 15 15
2 63 1 1 1 0 0 1045 1 15 15 15
2 64 0 1 0 0 0 3000 3 11 11 15
2 65 1 1 1 0 0 629 1 15 15 11
2 66 1 1 1 0 0 920 1 11 11 15
2 67 0 1 0 0 0 3000 2 10 10 11
2 68 1 1 1 0 0 833 1 11 11 10
2 69 1 1 1 0 0 674 1 10 10 11
2 70 0 1 0 0 0 3000 3 13 13 10
2 71 0 1 0 0 0 3000 2 8 8 13
2 72 0 0 0 0 1 611 3 14 14 8
2 73 0 0 0 0 1 736 2 4 4 14
2 74 0 0 0 0 1 841 2 10 10 4
2 75 0 1 0 0 0 3000 2 12 12 10
