1 1 0 1 0 0 0 3000 2 15 15 0
1 2 0 1 0 0 0 3000 3 14 14 15
1 3 0 1 0 0 0 3000 3 5 5 14
1 4 0 1 0 0 0 3000 2 10 10 5
1 5 0 1 0 0 0 3000 3 13 13 10
1 6 1 0 0 1 0 3000 1 10 10 13
1 7 1 1 1 0 0 567 1 13 13 10
1 8 1 0 0 1 0 3000 1 10 10 13
1 9 0 1 0 0 0 3000 3 2 2 10
1 10 0 1 0 0 0 3000 3 3 3 2
2 1 0 1 0 0 0 3000 1 15 15 3
2 2 0 1 0 0 0 3000 1 11 11 15
2 3 0 1 0 0 0 3000 2 14 14 11
2 4 0 1 0 0 0 3000 2 13 13 14
2 5 0 1 0 0 0 3000 3 10 10 13
2 6 1 0 0 1 0 3000 1 13 13 10
2 7 0 1 0 0 0 3000 3 8 8 13
2 8 0 1 0 0 0 3000 3 1 1 8
2 9 1 1 1 0 0 557 1 8 8 1
2 10 0 1 0 0 0 3000 3 5 5 8
2 11 0 1 0 0 0 3000 2 6 6 5
2 12 1 1 1 0 0 508 1 5 5 6
2 13 0 1 0 0 0 3000 2 3 3 5
2 14 1 0 0 1 0 3000 1 5 5 3
2 15 1 1 1 0 0 496 1 3 3 5
2 16 0 1 0 0 0 3000 2 9 9 3
2 17 0 1 0 0 0 3000 3 1 1 9
2 18 1 1 1 0 0 521 1 9 9 1
2 19 1 0 0 1 0 3000 1 1 1 9
2 20 1 0 0 1 0 3000 1 9 9 1
2 21 0 1 0 0 0 3000 3 11 11 9
2 22 1 0 0 1 0 3000 1 9 9 11
2 23 0 1 0 0 0 3000 2 8 8 9
2 24 1 0 0 1 0 3000 1 9 9 8
2 25 0 1 0 0 0 3000 3 10 10 9
2 26 0 1 0 0 0 3000 3 1 1 10
2 27 0 1 0 0 0 3000 2 11 11 1
2 28 0 1 0 0 0 3000 2 14 14 11
2 29 0 1 0 0 0 3000 3 12 12 14
2 30 0 1 0 0 0 3000 2 8 8 12
2 31 0 1 0 0 0 3000 3 4 4 8
2 32 0 1 0 0 0 3000 3 3 3 4
2 33 0 1 0 0 0 3000 2 9 9 3
2 34 0 1 0 0 0 3000 2 8 8 9
2 35 1 1 1 0 0 470 1 9 9 8
2 36 0 1 0 0 0 3000 3 4 4 9
2 37 0 1 0 0 0 3000 2 12 12 4
2 38 1 1 1 0 0 435 1 4 4 12
2 39 0 1 0 0 0 3000 3 3 3 4
2 40 0 1 0 0 0 3000 3 14 14 3
2 41 0 1 0 0 0 3000 2 14 14 14
2 42 0 1 0 0 0 3000 2 13 13 14
2 43 0 1 0 0 0 3000 2 11 11 13
2 44 0 1 0 0 0 3000 3 15 15 11
2 45 1 1 1 0 0 470 1 11 11 15
2 46 0 1 0 0 0 3000 2 7 7 11
2 47 0 1 0 0 0 3000 3 15 15 7
2 48 0 1 0 0 0 3000 2 10 10 15
2 49 0 1 0 0 0 3000 3 6 6 10
2 50 1 0 0 1 0 3000 1 10 10 6
2 51 0 1 0 0 0 3000 2 9 9 10
2 52 0 1 0 0 0 3000 2 8 8 9
2 53 0 1 0 0 0 3000 3 2 2 8
2 54 0 1 0 0 0 3000 3 15 15 2
2 55 1 1 1 0 0 386 1 2 2 15
2 56 1 0 0 1 0 3000 1 15 15 2
2 57 0 1 0 0 0 3000 3 4 4 15
2 58 0 1 0 0 0 3000 3 13 13 4
2 59 0 1 0 0 0 3000 3 10 10 13
2 60 0 1 0 0 0 3000 3 14 14 10
2 61 1 0 0 1 0 3000 1 10 10 14
2 62 0 1 0 0 0 3000 3 15 15 10
2 63 0 1 0 0 0 3000 3 13 13 15
2 64 0 1 0 0 0 3000 3 12 12 13
2 65 1 0 0 1 0 3000 1 13 13 12
2 66 0 1 0 0 0 3000 3 10 10 13
2 67 0 1 0 0 0 3000 2 5 5 10
2 68 0 1 0 0 0 3000 2 13 13 5
2 69 0 1 0 0 0 3000 2 12 12 13
2 70 0 1 0 0 0 3000 2 3 3 12
2 71 0 1 0 0 0 3000 2 8 8 3
2 72 0 1 0 0 0 3000 3 1 1 8
2 73 0 1 0 0 0 3000 2 3 3 1
2 74 1 1 1 0 0 443 1 1 1 3
2 75 1 0 0 1 0 3000 1 3 3 1
