1 1 0 1 0 0 0 3000 2 13 13 0
1 2 0 1 0 0 0 3000 1 2 2 13
1 3 0 1 0 0 0 3000 3 11 11 2
1 4 0 1 0 0 0 3000 2 6 6 11
1 5 1 0 0 1 0 3000 1 11 11 6
1 6 0 1 0 0 0 3000 2 14 14 11
1 7 0 1 0 0 0 3000 2 2 2 14
1 8 0 1 0 0 0 3000 2 11 11 2
1 9 0 1 0 0 0 3000 3 14 14 11
1 10 1 1 1 0 0 452 1 11 11 14
2 1 0 1 0 0 0 3000 1 10 10 11
2 2 0 1 0 0 0 3000 2 1 1 10
2 3 0 0 0 0 1 472 2 1 1 1
2 4 0 1 0 0 0 3000 2 11 11 1
2 5 1 1 1 0 0 701 1 1 1 11
2 6 0 1 0 0 0 3000 3 4 4 1
2 7 0 1 0 0 0 3000 2 14 14 4
2 8 0 1 0 0 0 3000 3 15 15 14
2 9 0 1 0 0 0 3000 3 13 13 15
2 10 0 0 0 0 1 367 2 9 9 13
2 11 0 1 0 0 0 3000 2 14 14 9
2 12 0 1 0 0 0 3000 2 12 12 14
2 13 1 1 1 0 0 522 1 14 14 12
2 14 1 1 1 0 0 622 1 12 12 14
2 15 1 1 1 0 0 706 1 14 14 12
2 16 0 1 0 0 0 3000 3 15 15 14
2 17 1 1 1 0 0 2320 1 14 14 15
2 18 1 0 0 1 0 3000 1 15 15 14
2 19 1 1 1 0 0 685 1 14 14 15
2 20 1 1 1 0 0 519 1 15 15 14
2 21 1 1 1 0 0 554 1 14 14 15
2 22 1 1 1 0 0 462 1 15 15 14
2 23 0 1 0 0 0 3000 3 6 6 15
2 24 0 0 0 0 1 547 3 2 2 6
2 25 0 1 0 0 0 3000 3 3 3 2
2 26 0 0 0 0 1 499 2 6 6 3
2 27 0 1 0 0 0 3000 2 8 8 6
2 28 1 1 1 0 0 488 1 6 6 8
2 29 0 1 0 0 0 3000 2 5 5 6
2 30 0 1 0 0 0 3000 2 4 4 5
2 31 0 1 0 0 0 3000 2 3 3 4
2 32 0 1 0 0 0 3000 2 10 10 3
2 33 1 1 1 0 0 427 1 3 3 10
2 34 1 0 0 1 0 3000 1 10 10 3
2 35 1 1 1 0 0 474 1 3 3 10
2 36 0 1 0 0 0 3000 3 8 8 3
2 37 1 1 1 0 0 501 1 3 3 8
2 38 0 0 0 0 1 632 2 3 3 3
2 39 0 1 0 0 0 3000 2 5 5 3
2 40 0 1 0 0 0 3000 3 2 2 5
2 41 1 1 1 0 0 424 1 5 5 2
2 42 0 1 0 0 0 3000 3 4 4 5
2 43 0 0 0 0 1 431 2 12 12 4
2 44 0 0 0 0 1 738 3 2 2 12
2 45 0 0 0 0 1 480 2 5 5 2
2 46 0 1 0 0 0 3000 3 10 10 5
2 47 0 1 0 0 0 3000 2 4 4 10
2 48 0 1 0 0 0 3000 3 5 5 4
2 49 0 1 0 0 0 3000 3 9 9 5
2 50 0 1 0 0 0 3000 2 1 1 9
2 51 1 1 1 0 0 630 1 9 9 1
2 52 0 0 0 0 1 624 3 5 5 9
2 53 1 0 0 1 0 3000 1 9 9 5
2 54 0 0 0 0 1 467 2 9 9 9
2 55 0 1 0 0 0 3000 2 6 6 9
2 56 1 1 1 0 0 582 1 9 9 6
2 57 0 1 0 0 0 3000 2 5 5 9
2 58 0 1 0 0 0 3000 2 11 11 5
2 59 0 1 0 0 0 3000 2 14 14 11
2 60 0 1 0 0 0 3000 3 15 15 14
2 61 1 1 1 0 0 378 1 14 14 15
2 62 0 0 0 0 1 552 3 5 5 14
2 63 0 1 0 0 0 3000 2 5 5 5
2 64 0 1 0 0 0 3000 2 6 6 5
2 65 0 1 0 0 0 3000 2 14 14 6
2 66 1 1 1 0 0 474 1 6 6 14
2 67 0 1 0 0 0 3000 3 6 6 6
2 68 0 1 0 0 0 3000 2 12 12 6
2 69 1 1 1 0 0 450 1 6 6 12
2 70 1 1 1 0 0 418 1 12 12 6
2 71 0 1 0 0 0 3000 2 1 1 12
2 72 0 1 0 0 0 3000 2 11 11 1
2 73 0 0 0 0 1 354 2 2 2 11
2 74 1 1 1 0 0 408 1 11 11 2
2 75 1 1 1 0 0 461 1 2 2 11
