1 1 0 1 0 0 0 3000 2 1 1 0
1 2 0 1 0 0 0 3000 3 8 8 1
1 3 0 1 0 0 0 3000 2 4 4 8
1 4 0 1 0 0 0 3000 3 4 4 4
1 5 1 1 1 0 0 453 1 4 4 4
1 6 0 1 0 0 0 3000 3 13 13 4
1 7 0 1 0 0 0 3000 2 12 12 13
1 8 1 1 1 0 0 644 1 13 13 12
1 9 0 1 0 0 0 3000 3 8 8 13
1 10 0 1 0 0 0 3000 3 10 10 8
2 1 0 1 0 0 0 3000 2 4 4 10
2 2 0 1 0 0 0 3000 3 8 8 4
2 3 0 1 0 0 0 3000 2 9 9 8
2 4 0 1 0 0 0 3000 3 12 12 9
2 5 0 1 0 0 0 3000 2 1 1 12
2 6 0 1 0 0 0 3000 2 2 2 1
2 7 1 1 1 0 0 615 1 1 1 2
2 8 0 1 0 0 0 3000 2 4 4 1
2 9 1 1 1 0 0 887 1 1 1 4
2 10 0 1 0 0 0 3000 3 3 3 1
2 11 1 1 1 0 0 1975 1 1 1 3
2 12 0 1 0 0 0 3000 3 6 6 1
2 13 1 1 1 0 0 252 1 1 1 6
2 14 0 1 0 0 0 3000 3 5 5 1
2 15 1 1 1 0 0 530 1 1 1 5
2 16 0 1 0 0 0 3000 2 14 14 1
2 17 1 1 1 0 0 637 1 1 1 14
2 18 0 1 0 0 0 3000 2 5 5 1
2 19 1 1 1 0 0 512 1 1 1 5
2 20 0 1 0 0 0 3000 3 9 9 1
2 21 0 1 0 0 0 3000 2 12 12 9
2 22 0 1 0 0 0 3000 3 7 7 12
2 23 0 1 0 0 0 3000 3 4 4 7
2 24 0 1 0 0 0 3000 3 14 14 4
2 25 1 1 1 0 0 569 1 4 4 14
2 26 1 0 0 1 0 3000 1 14 14 4
2 27 0 1 0 0 0 3000 3 5 5 14
2 28 0 1 0 0 0 3000 2 12 12 5
2 29 0 1 0 0 0 3000 3 15 15 12
2 30 0 0 0 0 1 453 3 13 13 15
2 31 0 1 0 0 0 3000 3 6 6 13
2 32 0 0 0 0 1 301 3 10 10 6
2 33 0 1 0 0 0 3000 2 14 14 10
2 34 0 1 0 0 0 3000 3 8 8 14
2 35 0 1 0 0 0 3000 3 15 15 8
2 36 1 0 0 1 0 3000 1 8 8 15
2 37 0 1 0 0 0 3000 2 4 4 8
2 38 1 1 1 0 0 947 1 8 8 4
2 39 0 1 0 0 0 3000 2 11 11 8
2 40 1 1 1 0 0 573 1 8 8 11
2 41 0 1 0 0 0 3000 2 13 13 8
2 42 0 1 0 0 0 3000 3 2 2 13
2 43 0 1 0 0 0 3000 2 1 1 2
2 44 0 1 0 0 0 3000 3 12 12 1
2 45 0 1 0 0 0 3000 2 13 13 12
2 46 0 1 0 0 0 3000 3 13 13 13
2 47 0 1 0 0 0 3000 2 2 2 13
2 48 0 1 0 0 0 3000 2 11 11 2
2 49 1 0 0 1 0 3000 1 2 2 11
2 50 0 0 0 0 1 2002 2 13 13 2
2 51 1 0 0 1 0 3000 1 2 2 13
2 52 0 1 0 0 0 3000 3 8 8 2
2 53 1 0 0 1 0 3000 1 2 2 8
2 54 0 1 0 0 0 3000 3 15 15 2
2 55 1 0 0 1 0 3000 1 2 2 15
2 56 0 0 0 0 1 1701 2 10 10 2
2 57 0 1 0 0 0 3000 3 14 14 10
2 58 0 0 0 0 1 752 2 11 11 14
2 59 0 1 0 0 0 3000 3 7 7 11
2 60 1 1 1 0 0 852 1 11 11 7
2 61 1 0 0 1 0 3000 1 7 7 11
2 62 0 1 0 0 0 3000 2 2 2 7
2 63 0 1 0 0 0 3000 2 8 8 2
2 64 0 1 0 0 0 3000 2 14 14 8
2 65 1 0 0 1 0 3000 1 8 8 14
2 66 1 1 1 0 0 720 1 14 14 8
2 67 0 1 0 0 0 3000 2 13 13 14
2 68 0 1 0 0 0 3000 3 4 4 13
2 69 1 0 0 1 0 3000 1 13 13 4
2 70 0 1 0 0 0 3000 3 3 3 13
2 71 0 1 0 0 0 3000 2 11 11 3
2 72 0 1 0 0 0 3000 3 8 8 11
2 73 1 0 0 1 0 3000 1 11 11 8
2 74 0 1 0 0 0 3000 3 15 15 11
2 75 1 0 0 1 0 3000 1 11 11 15
