1 1 0 1 0 0 0 3000 2 1 1 0
1 2 0 1 0 0 0 3000 2 7 7 1
1 3 0 0 0 0 1 520 2 12 12 7
1 4 0 1 0 0 0 3000 3 10 10 12
1 5 1 1 1 0 0 415 1 12 12 10
1 6 1 0 0 1 0 3000 1 10 10 12
1 7 0 0 0 0 1 638 3 15 15 10
1 8 1 0 0 1 0 3000 1 10 10 15
1 9 1 1 1 0 0 334 1 15 15 10
1 10 0 1 0 0 0 3000 2 14 14 15
2 1 0 1 0 0 0 3000 2 14 14 14
2 2 0 1 0 0 0 3000 1 6 6 14
2 3 0 1 0 0 0 3000 3 7 7 6
2 4 0 1 0 0 0 3000 2 15 15 7
2 5 0 1 0 0 0 3000 3 5 5 15
2 6 0 1 0 0 0 3000 2 10 10 5
2 7 0 1 0 0 0 3000 2 4 4 10
2 8 1 0 0 1 0 3000 1 10 10 4
2 9 0 1 0 0 0 3000 3 8 8 10
2 10 0 1 0 0 0 3000 3 9 9 8
2 11 0 1 0 0 0 3000 2 12 12 9
2 12 0 1 0 0 0 3000 3 14 14 12
2 13 1 1 1 0 0 324 1 12 12 14
2 14 0 1 0 0 0 3000 3 13 13 12
2 15 1 0 0 1 0 3000 1 12 12 13
2 16 1 1 1 0 0 534 1 13 13 12
2 17 0 1 0 0 0 3000 2 13 13 13
2 18 1 0 0 1 0 3000 1 13 13 13
2 19 0 1 0 0 0 3000 3 2 2 13
2 20 1 0 0 1 0 3000 1 13 13 2
2 21 1 1 1 0 0 300 1 2 2 13
2 22 0 1 0 0 0 3000 3 12 12 2
2 23 0 1 0 0 0 3000 3 12 12 12
2 24 1 1 1 0 0 321 1 12 12 12
2 25 0 1 0 0 0 3000 2 10 10 12
2 26 0 1 0 0 0 3000 2 8 8 10
2 27 0 1 0 0 0 3000 3 12 12 8
2 28 1 0 0 1 0 3000 1 8 8 12
2 29 1 1 1 0 0 323 1 12 12 8
2 30 0 1 0 0 0 3000 2 10 10 12
2 31 0 1 0 0 0 3000 3 9 9 10
2 32 1 1 1 0 0 321 1 10 10 9
2 33 0 1 0 0 0 3000 3 11 11 10
2 34 1 0 0 1 0 3000 1 10 10 11
2 35 0 1 0 0 0 3000 3 7 7 10
2 36 0 1 0 0 0 3000 3 5 5 7
2 37 0 1 0 0 0 3000 3 4 4 5
2 38 0 1 0 0 0 3000 3 1 1 4
2 39 0 1 0 0 0 3000 2 10 10 1
2 40 0 1 0 0 0 3000 3 6 6 10
2 41 1 1 1 0 0 317 1 10 10 6
2 42 0 1 0 0 0 3000 3 11 11 10
2 43 0 1 0 0 0 3000 3 6 6 11
2 44 0 1 0 0 0 3000 3 6 6 6
2 45 0 1 0 0 0 3000 2 13 13 6
2 46 1 1 1 0 0 361 1 6 6 13
2 47 0 1 0 0 0 3000 3 3 3 6
2 48 0 1 0 0 0 3000 3 10 10 3
2 49 0 1 0 0 0 3000 3 14 14 10
2 50 0 1 0 0 0 3000 2 1 1 14
2 51 0 1 0 0 0 3000 2 8 8 1
2 52 0 1 0 0 0 3000 2 11 11 8
2 53 1 0 0 1 0 3000 1 8 8 11
2 54 0 0 0 0 1 597 2 2 2 8
2 55 0 1 0 0 0 3000 2 6 6 2
2 56 1 0 0 1 0 3000 1 2 2 6
2 57 0 1 0 0 0 3000 3 5 5 2
2 58 0 1 0 0 0 3000 2 5 5 5
2 59 1 0 0 1 0 3000 1 5 5 5
2 60 1 1 1 0 0 396 1 5 5 5
2 61 1 0 0 1 0 3000 1 5 5 5
2 62 1 0 0 1 0 3000 1 5 5 5
2 63 1 1 1 0 0 362 1 5 5 5
2 64 0 1 0 0 0 3000 2 6 6 5
2 65 0 1 0 0 0 3000 2 2 2 6
2 66 0 1 0 0 0 3000 2 15 15 2
2 67 0 1 0 0 0 3000 2 9 9 15
2 68 1 1 1 0 0 320 1 15 15 9
2 69 0 1 0 0 0 3000 3 6 6 15
2 70 0 1 0 0 0 3000 3 12 12 6
2 71 0 1 0 0 0 3000 2 11 11 12
2 72 0 1 0 0 0 3000 3 9 9 11
2 73 0 1 0 0 0 3000 3 13 13 9
2 74 0 1 0 0 0 3000 2 14 14 13
2 75 0 1 0 0 0 3000 3 9 9 14
