1 1 0 1 0 0 0 3000 2 2 2 0
1 2 0 1 0 0 0 3000 2 11 11 2
1 3 0 0 0 0 1 1806 3 11 11 11
1 4 0 1 0 0 0 3000 2 3 3 11
1 5 0 1 0 0 0 3000 2 2 2 3
1 6 0 1 0 0 0 3000 2 6 6 2
1 7 0 1 0 0 0 3000 3 4 4 6
1 8 0 1 0 0 0 3000 3 15 15 4
1 9 0 1 0 0 0 3000 2 10 10 15
1 10 0 0 0 0 1 1439 2 4 4 10
2 1 0 1 0 0 0 3000 1 12 12 4
2 2 0 1 0 0 0 3000 2 3 3 12
2 3 0 1 0 0 0 3000 3 1 1 3
2 4 0 1 0 0 0 3000 3 2 2 1
2 5 1 0 0 1 0 3000 1 1 1 2
2 6 1 0 0 1 0 3000 1 2 2 1
2 7 1 1 1 0 0 461 1 1 1 2
2 8 0 1 0 0 0 3000 3 12 12 1
2 9 1 1 1 0 0 772 1 1 1 12
2 10 0 1 0 0 0 3000 2 8 8 1
2 11 0 0 0 0 1 458 3 12 12 8
2 12 0 0 0 0 1 1261 2 6 6 12
2 13 1 1 1 0 0 871 1 12 12 6
2 14 0 1 0 0 0 3000 2 12 12 12
2 15 0 1 0 0 0 3000 2 9 9 12
2 16 0 1 0 0 0 3000 3 3 3 9
2 17 0 1 0 0 0 3000 2 6 6 3
2 18 0 1 0 0 0 3000 3 12 12 6
2 19 0 1 0 0 0 3000 3 8 8 12
2 20 0 1 0 0 0 3000 2 10 10 8
2 21 0 1 0 0 0 3000 3 11 11 10
2 22 0 0 0 0 1 631 3 11 11 11
2 23 0 0 0 0 1 1202 2 6 6 11
2 24 1 0 0 1 0 3000 1 11 11 6
2 25 0 1 0 0 0 3000 3 1 1 11
2 26 0 1 0 0 0 3000 2 13 13 1
2 27 0 1 0 0 0 3000 3 8 8 13
2 28 0 1 0 0 0 3000 2 14 14 8
2 29 1 1 1 0 0 464 1 8 8 14
2 30 1 1 1 0 0 496 1 14 14 8
2 31 0 1 0 0 0 3000 3 9 9 14
2 32 0 1 0 0 0 3000 3 6 6 9
2 33 0 1 0 0 0 3000 3 2 2 6
2 34 0 0 0 0 1 592 2 9 9 2
2 35 1 0 0 1 0 3000 1 2 2 9
2 36 1 0 0 1 0 3000 1 9 9 2
2 37 0 1 0 0 0 3000 2 10 10 9
2 38 0 1 0 0 0 3000 2 11 11 10
2 39 0 1 0 0 0 3000 3 14 14 11
2 40 1 0 0 1 0 3000 1 11 11 14
2 41 0 1 0 0 0 3000 2 5 5 11
2 42 0 1 0 0 0 3000 3 8 8 5
2 43 0 1 0 0 0 3000 2 11 11 8
2 44 1 1 1 0 0 597 1 8 8 11
2 45 0 1 0 0 0 3000 3 14 14 8
2 46 1 0 0 1 0 3000 1 8 8 14
2 47 1 1 1 0 0 405 1 14 14 8
2 48 1 0 0 1 0 3000 1 8 8 14
2 49 1 0 0 1 0 3000 1 14 14 8
2 50 0 1 0 0 0 3000 2 11 11 14
2 51 1 1 1 0 0 490 1 14 14 11
2 52 0 1 0 0 0 3000 2 15 15 14
2 53 0 1 0 0 0 3000 3 6 6 15
2 54 0 1 0 0 0 3000 2 11 11 6
2 55 1 1 1 0 0 521 1 6 6 11
2 56 1 0 0 1 0 3000 1 11 11 6
2 57 0 1 0 0 0 3000 3 10 10 11
2 58 0 1 0 0 0 3000 2 9 9 10
2 59 1 1 1 0 0 567 1 10 10 9
2 60 0 1 0 0 0 3000 2 12 12 10
2 61 0 1 0 0 0 3000 2 6 6 12
2 62 0 1 0 0 0 3000 2 1 1 6
2 63 0 1 0 0 0 3000 2 7 7 1
2 64 0 0 0 0 1 542 2 11 11 7
2 65 1 0 0 1 0 3000 1 7 7 11
2 66 0 1 0 0 0 3000 2 1 1 7
2 67 0 1 0 0 0 3000 3 8 8 1
2 68 0 1 0 0 0 3000 2 14 14 8
2 69 0 0 0 0 1 483 2 11 11 14
2 70 1 0 0 1 0 3000 1 14 14 11
2 71 0 0 0 0 1 671 2 8 8 14
2 72 0 1 0 0 0 3000 2 4 4 8
2 73 0 1 0 0 0 3000 2 13 13 4
2 74 1 1 1 0 0 511 1 4 4 13
2 75 1 1 1 0 0 542 1 13 13 4
