1 1 0 1 0 0 0 3000 1 6 6 0
1 2 0 0 0 0 1 522 3 6 6 6
1 3 0 1 0 0 0 3000 2 13 13 6
1 4 0 1 0 0 0 3000 2 14 14 13
1 5 1 1 1 0 0 408 1 13 13 14
1 6 1 0 0 1 0 3000 1 14 14 13
1 7 1 1 1 0 0 290 1 13 13 14
1 8 0 1 0 0 0 3000 2 9 9 13
1 9 1 0 0 1 0 3000 1 13 13 9
1 10 0 1 0 0 0 3000 3 3 3 13
2 1 0 1 0 0 0 3000 2 5 5 3
2 2 0 1 0 0 0 3000 2 9 9 5
2 3 0 1 0 0 0 3000 3 1 1 9
2 4 0 1 0 0 0 3000 3 8 8 1
2 5 0 1 0 0 0 3000 2 4 4 8
2 6 0 1 0 0 0 3000 3 6 6 4
2 7 1 1 1 0 0 295 1 4 4 6
2 8 0 1 0 0 0 3000 3 1 1 4
2 9 0 1 0 0 0 3000 2 7 7 1
2 10 0 1 0 0 0 3000 3 11 11 7
2 11 1 1 1 0 0 325 1 7 7 11
2 12 1 0 0 1 0 3000 1 11 11 7
2 13 0 1 0 0 0 3000 3 9 9 11
2 14 0 1 0 0 0 3000 2 5 5 9
2 15 1 1 1 0 0 330 1 9 9 5
2 16 1 0 0 1 0 3000 1 5 5 9
2 17 1 1 1 0 0 509 1 9 9 5
2 18 1 0 0 1 0 3000 1 5 5 9
2 19 0 1 0 0 0 3000 2 13 13 5
2 20 0 1 0 0 0 3000 2 12 12 13
2 21 0 1 0 0 0 3000 3 5 5 12
2 22 0 1 0 0 0 3000 3 11 11 5
2 23 1 1 1 0 0 320 1 5 5 11
2 24 1 0 0 1 0 3000 1 11 11 5
2 25 0 1 0 0 0 3000 2 3 3 11
2 26 1 0 0 1 0 3000 1 11 11 3
2 27 0 1 0 0 0 3000 3 5 5 11
2 28 1 0 0 1 0 3000 1 11 11 5
2 29 1 1 1 0 0 266 1 5 5 11
2 30 0 1 0 0 0 3000 2 3 3 5
2 31 0 1 0 0 0 3000 2 8 8 3
2 32 0 1 0 0 0 3000 2 13 13 8
2 33 0 1 0 0 0 3000 2 10 10 13
2 34 1 0 0 1 0 3000 1 13 13 10
2 35 0 1 0 0 0 3000 2 7 7 13
2 36 0 1 0 0 0 3000 3 10 10 7
2 37 1 1 1 0 0 305 1 7 7 10
2 38 0 1 0 0 0 3000 3 11 11 7
2 39 0 1 0 0 0 3000 2 15 15 11
2 40 0 1 0 0 0 3000 3 5 5 15
2 41 0 1 0 0 0 3000 2 4 4 5
2 42 1 0 0 1 0 3000 1 5 5 4
2 43 1 1 1 0 0 313 1 4 4 5
2 44 0 1 0 0 0 3000 2 14 14 4
2 45 0 1 0 0 0 3000 2 11 11 14
2 46 0 1 0 0 0 3000 2 5 5 11
2 47 0 1 0 0 0 3000 3 9 9 5
2 48 0 1 0 0 0 3000 3 7 7 9
2 49 0 1 0 0 0 3000 3 11 11 7
2 50 1 0 0 1 0 3000 1 7 7 11
2 51 0 1 0 0 0 3000 2 8 8 7
2 52 0 1 0 0 0 3000 3 15 15 8
2 53 1 1 1 0 0 299 1 8 8 15
2 54 0 1 0 0 0 3000 2 14 14 8
2 55 0 1 0 0 0 3000 3 3 3 14
2 56 1 0 0 1 0 3000 1 14 14 3
2 57 0 1 0 0 0 3000 3 8 8 14
2 58 0 1 0 0 0 3000 2 11 11 8
2 59 1 1 1 0 0 321 1 8 8 11
2 60 1 0 0 1 0 3000 1 11 11 8
2 61 0 1 0 0 0 3000 3 12 12 11
2 62 0 1 0 0 0 3000 3 4 4 12
2 63 0 1 0 0 0 3000 2 4 4 4
2 64 0 1 0 0 0 3000 2 2 2 4
2 65 1 1 1 0 0 318 1 4 4 2
2 66 1 0 0 1 0 3000 1 2 2 4
2 67 0 1 0 0 0 3000 3 10 10 2
2 68 0 0 0 0 1 621 2 10 10 10
2 69 0 1 0 0 0 3000 3 4 4 10
2 70 0 0 0 0 1 623 2 4 4 4
2 71 1 0 0 1 0 3000 1 4 4 4
2 72 0 1 0 0 0 3000 2 15 15 4
2 73 0 0 0 0 1 235 3 12 12 15
2 74 1 0 0 1 0 3000 1 15 15 12
2 75 1 0 0 1 0 3000 1 12 12 15
