1 1 0 1 0 0 0 3000 1 5 5 0
1 2 0 1 0 0 0 3000 2 4 4 5
1 3 0 1 0 0 0 3000 2 1 1 4
1 4 1 1 1 0 0 687 1 4 4 1
1 5 1 1 1 0 0 656 1 1 1 4
1 6 0 1 0 0 0 3000 3 13 13 1
1 7 0 1 0 0 0 3000 2 7 7 13
1 8 1 1 1 0 0 528 1 13 13 7
1 9 0 1 0 0 0 3000 3 5 5 13
1 10 0 1 0 0 0 3000 3 15 15 5
2 1 0 1 0 0 0 3000 1 3 3 15
2 2 0 1 0 0 0 3000 1 8 8 3
2 3 1 1 1 0 0 487 1 3 3 8
2 4 1 1 1 0 0 479 1 8 8 3
2 5 1 1 1 0 0 699 1 3 3 8
2 6 0 1 0 0 0 3000 2 9 9 3
2 7 0 1 0 0 0 3000 2 2 2 9
2 8 0 1 0 0 0 3000 3 11 11 2
2 9 0 1 0 0 0 3000 3 5 5 11
2 10 0 1 0 0 0 3000 3 14 14 5
2 11 0 1 0 0 0 3000 2 8 8 14
2 12 1 1 1 0 0 834 1 14 14 8
2 13 0 1 0 0 0 3000 2 4 4 14
2 14 1 0 0 1 0 3000 1 14 14 4
2 15 0 1 0 0 0 3000 2 9 9 14
2 16 0 1 0 0 0 3000 2 11 11 9
2 17 0 1 0 0 0 3000 3 15 15 11
2 18 1 1 1 0 0 497 1 11 11 15
2 19 0 1 0 0 0 3000 2 12 12 11
2 20 1 0 0 1 0 3000 1 11 11 12
2 21 0 1 0 0 0 3000 2 8 8 11
2 22 0 0 0 0 1 934 3 15 15 8
2 23 1 1 1 0 0 901 1 8 8 15
2 24 0 1 0 0 0 3000 2 6 6 8
2 25 0 1 0 0 0 3000 3 3 3 6
2 26 1 1 1 0 0 449 1 6 6 3
2 27 1 0 0 1 0 3000 1 3 3 6
2 28 1 0 0 1 0 3000 1 6 6 3
2 29 1 1 1 0 0 583 1 3 3 6
2 30 1 1 1 0 0 569 1 6 6 3
2 31 0 1 0 0 0 3000 3 1 1 6
2 32 0 1 0 0 0 3000 2 2 2 1
2 33 1 1 1 0 0 372 1 1 1 2
2 34 0 1 0 0 0 3000 3 7 7 1
2 35 0 1 0 0 0 3000 3 5 5 7
2 36 0 1 0 0 0 3000 2 6 6 5
2 37 1 1 1 0 0 549 1 5 5 6
2 38 0 1 0 0 0 3000 3 3 3 5
2 39 0 1 0 0 0 3000 3 9 9 3
2 40 0 1 0 0 0 3000 2 13 13 9
2 41 1 1 1 0 0 390 1 9 9 13
2 42 0 1 0 0 0 3000 2 1 1 9
2 43 0 1 0 0 0 3000 2 12 12 1
2 44 1 1 1 0 0 474 1 1 1 12
2 45 1 1 1 0 0 501 1 12 12 1
2 46 0 1 0 0 0 3000 3 2 2 12
2 47 0 1 0 0 0 3000 3 7 7 2
2 48 0 1 0 0 0 3000 3 15 15 7
2 49 1 1 1 0 0 452 1 7 7 15
2 50 0 1 0 0 0 3000 3 7 7 7
2 51 1 1 1 0 0 742 1 7 7 7
2 52 1 1 1 0 0 990 1 7 7 7
2 53 1 1 1 0 0 500 1 7 7 7
2 54 1 1 1 0 0 622 1 7 7 7
2 55 0 1 0 0 0 3000 2 12 12 7
2 56 0 1 0 0 0 3000 3 4 4 12
2 57 0 1 0 0 0 3000 2 14 14 4
2 58 0 1 0 0 0 3000 2 6 6 14
2 59 0 1 0 0 0 3000 2 12 12 6
2 60 1 0 0 1 0 3000 1 6 6 12
2 61 0 1 0 0 0 3000 3 7 7 6
2 62 0 1 0 0 0 3000 3 2 2 7
2 63 0 1 0 0 0 3000 2 4 4 2
2 64 1 1 1 0 0 412 1 2 2 4
2 65 1 1 1 0 0 396 1 4 4 2
2 66 0 1 0 0 0 3000 2 10 10 4
2 67 1 1 1 0 0 446 1 4 4 10
2 68 0 1 0 0 0 3000 3 14 14 4
2 69 0 1 0 0 0 3000 2 15 15 14
2 70 0 1 0 0 0 3000 3 1 1 15
2 71 0 1 0 0 0 3000 2 10 10 1
2 72 0 0 0 0 1 787 3 15 15 10
2 73 0 1 0 0 0 3000 2 13 13 15
2 74 0 1 0 0 0 3000 2 6 6 13
2 75 0 1 0 0 0 3000 2 10 10 6
