1 1 0 1 0 0 0 3000 3 6 6 0
1 2 0 1 0 0 0 3000 2 15 15 6
1 3 1 0 0 1 0 3000 1 6 6 15
1 4 0 1 0 0 0 3000 3 6 6 6
1 5 0 1 0 0 0 3000 3 11 11 6
1 6 0 1 0 0 0 3000 2 15 15 11
1 7 0 1 0 0 0 3000 2 15 15 15
1 8 1 0 0 1 0 3000 1 15 15 15
1 9 1 0 0 1 0 3000 1 15 15 15
1 10 0 1 0 0 0 3000 3 10 10 15
2 1 0 1 0 0 0 3000 1 12 12 10
2 2 0 1 0 0 0 3000 3 15 15 12
2 3 0 1 0 0 0 3000 2 13 13 15
2 4 0 1 0 0 0 3000 3 13 13 13
2 5 0 1 0 0 0 3000 3 15 15 13
2 6 0 1 0 0 0 3000 3 6 6 15
2 7 0 1 0 0 0 3000 3 14 14 6
2 8 0 1 0 0 0 3000 3 9 9 14
2 9 0 1 0 0 0 3000 2 1 1 9
2 10 0 1 0 0 0 3000 3 11 11 1
2 11 1 1 1 0 0 432 1 1 1 11
2 12 0 1 0 0 0 3000 2 7 7 1
2 13 0 1 0 0 0 3000 2 8 8 7
2 14 0 1 0 0 0 3000 3 1 1 8
2 15 0 1 0 0 0 3000 3 2 2 1
2 16 1 0 0 1 0 3000 1 1 1 2
2 17 1 1 1 0 0 409 1 2 2 1
2 18 0 1 0 0 0 3000 2 15 15 2
2 19 0 1 0 0 0 3000 2 5 5 15
2 20 1 0 0 1 0 3000 1 15 15 5
2 21 1 1 1 0 0 378 1 5 5 15
2 22 0 1 0 0 0 3000 2 7 7 5
2 23 0 1 0 0 0 3000 2 4 4 7
2 24 0 1 0 0 0 3000 2 5 5 4
2 25 0 1 0 0 0 3000 2 2 2 5
2 26 0 1 0 0 0 3000 2 1 1 2
2 27 1 1 1 0 0 495 1 2 2 1
2 28 0 1 0 0 0 3000 3 4 4 2
2 29 0 1 0 0 0 3000 2 9 9 4
2 30 1 0 0 1 0 3000 1 4 4 9
2 31 0 1 0 0 0 3000 3 4 4 4
2 32 0 1 0 0 0 3000 2 6 6 4
2 33 0 1 0 0 0 3000 3 8 8 6
2 34 1 1 1 0 0 427 1 6 6 8
2 35 1 0 0 1 0 3000 1 8 8 6
2 36 0 1 0 0 0 3000 2 4 4 8
2 37 0 1 0 0 0 3000 3 5 5 4
2 38 0 1 0 0 0 3000 2 15 15 5
2 39 1 1 1 0 0 364 1 5 5 15
2 40 1 0 0 1 0 3000 1 15 15 5
2 41 1 1 1 0 0 418 1 5 5 15
2 42 0 1 0 0 0 3000 3 9 9 5
2 43 0 1 0 0 0 3000 2 9 9 9
2 44 0 1 0 0 0 3000 2 11 11 9
2 45 0 1 0 0 0 3000 2 13 13 11
2 46 0 1 0 0 0 3000 3 9 9 13
2 47 0 1 0 0 0 3000 2 15 15 9
2 48 0 1 0 0 0 3000 2 8 8 15
2 49 1 0 0 1 0 3000 1 15 15 8
2 50 0 1 0 0 0 3000 2 10 10 15
2 51 0 1 0 0 0 3000 3 5 5 10
2 52 0 1 0 0 0 3000 2 6 6 5
2 53 0 1 0 0 0 3000 2 9 9 6
2 54 0 1 0 0 0 3000 2 4 4 9
2 55 1 0 0 1 0 3000 1 9 9 4
2 56 1 1 1 0 0 403 1 4 4 9
2 57 0 1 0 0 0 3000 2 7 7 4
2 58 0 1 0 0 0 3000 2 11 11 7
2 59 0 1 0 0 0 3000 2 10 10 11
2 60 1 0 0 1 0 3000 1 11 11 10
2 61 1 1 1 0 0 426 1 10 10 11
2 62 1 0 0 1 0 3000 1 11 11 10
2 63 0 1 0 0 0 3000 2 4 4 11
2 64 1 0 0 1 0 3000 1 11 11 4
2 65 0 1 0 0 0 3000 2 2 2 11
2 66 1 0 0 1 0 3000 1 11 11 2
2 67 0 1 0 0 0 3000 2 15 15 11
2 68 0 1 0 0 0 3000 2 5 5 15
2 69 0 1 0 0 0 3000 3 9 9 5
2 70 0 1 0 0 0 3000 3 1 1 9
2 71 0 1 0 0 0 3000 3 12 12 1
2 72 0 1 0 0 0 3000 3 14 14 12
2 73 1 1 1 0 0 364 1 12 12 14
2 74 1 0 0 1 0 3000 1 14 14 12
2 75 0 1 0 0 0 3000 2 13 13 14
