1 1 0 1 0 0 0 3000 3 3 3 0
1 2 0 1 0 0 0 3000 2 5 5 3
1 3 1 1 1 0 0 540 1 3 3 5
1 4 0 1 0 0 0 3000 2 12 12 3
1 5 0 0 0 0 1 1699 2 5 5 12
1 6 1 1 1 0 0 455 1 12 12 5
1 7 0 1 0 0 0 3000 2 10 10 12
1 8 0 1 0 0 0 3000 3 4 4 10
1 9 0 1 0 0 0 3000 2 2 2 4
1 10 0 1 0 0 0 3000 3 1 1 2
2 1 0 1 0 0 0 3000 2 3 3 1
2 2 0 1 0 0 0 3000 3 9 9 3
2 3 1 1 1 0 0 414 1 3 3 9
2 4 0 1 0 0 0 3000 3 14 14 3
2 5 1 1 1 0 0 444 1 3 3 14
2 6 0 1 0 0 0 3000 2 3 3 3
2 7 0 1 0 0 0 3000 2 12 12 3
2 8 0 1 0 0 0 3000 2 7 7 12
2 9 0 1 0 0 0 3000 3 1 1 7
2 10 0 1 0 0 0 3000 3 14 14 1
2 11 0 0 0 0 1 677 2 3 3 14
2 12 0 1 0 0 0 3000 3 12 12 3
2 13 0 1 0 0 0 3000 3 9 9 12
2 14 1 1 1 0 0 335 1 12 12 9
2 15 0 1 0 0 0 3000 3 11 11 12
2 16 0 1 0 0 0 3000 3 9 9 11
2 17 1 1 1 0 0 722 1 11 11 9
2 18 0 0 0 0 1 873 2 11 11 11
2 19 0 1 0 0 0 3000 3 3 3 11
2 20 1 0 0 1 0 3000 1 11 11 3
2 21 0 1 0 0 0 3000 3 9 9 11
2 22 0 1 0 0 0 3000 3 5 5 9
2 23 0 1 0 0 0 3000 3 14 14 5
2 24 0 1 0 0 0 3000 3 4 4 14
2 25 0 1 0 0 0 3000 3 7 7 4
2 26 0 1 0 0 0 3000 2 10 10 7
2 27 0 1 0 0 0 3000 3 8 8 10
2 28 0 0 0 0 1 494 3 3 3 8
2 29 1 1 1 0 0 1248 1 8 8 3
2 30 1 0 0 1 0 3000 1 3 3 8
2 31 1 1 1 0 0 1567 1 8 8 3
2 32 1 1 1 0 0 1253 1 3 3 8
2 33 0 1 0 0 0 3000 3 14 14 3
2 34 1 1 1 0 0 539 1 3 3 14
2 35 1 1 1 0 0 481 1 14 14 3
2 36 0 1 0 0 0 3000 3 1 1 14
2 37 0 0 0 0 1 599 2 8 8 1
2 38 1 1 1 0 0 1065 1 1 1 8
2 39 1 1 1 0 0 773 1 8 8 1
2 40 1 0 0 1 0 3000 1 1 1 8
2 41 0 0 0 0 1 776 3 11 11 1
2 42 0 0 0 0 1 733 2 11 11 11
2 43 1 1 1 0 0 618 1 11 11 11
2 44 0 1 0 0 0 3000 2 14 14 11
2 45 0 1 0 0 0 3000 2 5 5 14
2 46 0 1 0 0 0 3000 3 3 3 5
2 47 1 1 1 0 0 618 1 5 5 3
2 48 0 1 0 0 0 3000 2 10 10 5
2 49 0 0 0 0 1 352 3 1 1 10
2 50 1 1 1 0 0 601 1 10 10 1
2 51 0 1 0 0 0 3000 2 7 7 10
2 52 1 1 1 0 0 771 1 10 10 7
2 53 1 1 1 0 0 2019 1 7 7 10
2 54 0 1 0 0 0 3000 3 2 2 7
2 55 0 1 0 0 0 3000 2 12 12 2
2 56 1 1 1 0 0 365 1 2 2 12
2 57 1 0 0 1 0 3000 1 12 12 2
2 58 0 1 0 0 0 3000 2 5 5 12
2 59 0 0 0 0 1 590 3 7 7 5
2 60 1 1 1 0 0 479 1 5 5 7
2 61 0 1 0 0 0 3000 2 11 11 5
2 62 1 1 1 0 0 1824 1 5 5 11
2 63 0 1 0 0 0 3000 2 6 6 5
2 64 0 1 0 0 0 3000 2 2 2 6
2 65 1 1 1 0 0 682 1 6 6 2
2 66 0 0 0 0 1 978 3 6 6 6
2 67 0 1 0 0 0 3000 2 4 4 6
2 68 0 1 0 0 0 3000 3 11 11 4
2 69 1 0 0 1 0 3000 1 4 4 11
2 70 1 1 1 0 0 726 1 11 11 4
2 71 1 0 0 1 0 3000 1 4 4 11
2 72 1 1 1 0 0 519 1 11 11 4
2 73 0 1 0 0 0 3000 2 3 3 11
2 74 1 1 1 0 0 401 1 11 11 3
2 75 0 1 0 0 0 3000 2 4 4 11
