1 1 0 1 0 0 0 3000 3 6 6 0
1 2 0 1 0 0 0 3000 1 11 11 6
1 3 1 1 1 0 0 611 1 6 6 11
1 4 1 1 1 0 0 794 1 11 11 6
1 5 0 0 0 0 1 747 3 11 11 11
1 6 0 1 0 0 0 3000 2 6 6 11
1 7 0 1 0 0 0 3000 3 14 14 6
1 8 1 1 1 0 0 583 1 6 6 14
1 9 1 1 1 0 0 593 1 14 14 6
1 10 0 1 0 0 0 3000 2 2 2 14
2 1 0 1 0 0 0 3000 1 1 1 2
2 2 0 1 0 0 0 3000 1 4 4 1
2 3 1 1 1 0 0 489 1 1 1 4
2 4 0 1 0 0 0 3000 2 15 15 1
2 5 0 1 0 0 0 3000 2 7 7 15
2 6 0 1 0 0 0 3000 2 5 5 7
2 7 0 1 0 0 0 3000 2 1 1 5
2 8 1 1 1 0 0 568 1 5 5 1
2 9 1 1 1 0 0 756 1 1 1 5
2 10 0 0 0 0 1 521 3 7 7 1
2 11 0 1 0 0 0 3000 2 6 6 7
2 12 0 1 0 0 0 3000 3 1 1 6
2 13 1 1 1 0 0 518 1 6 6 1
2 14 1 1 1 0 0 446 1 1 1 6
2 15 0 1 0 0 0 3000 3 8 8 1
2 16 0 1 0 0 0 3000 2 3 3 8
2 17 0 1 0 0 0 3000 3 5 5 3
2 18 0 1 0 0 0 3000 2 12 12 5
2 19 0 0 0 0 1 535 3 12 12 12
2 20 0 1 0 0 0 3000 3 10 10 12
2 21 0 1 0 0 0 3000 3 9 9 10
2 22 0 1 0 0 0 3000 3 7 7 9
2 23 0 1 0 0 0 3000 3 4 4 7
2 24 0 0 0 0 1 756 3 8 8 4
2 25 0 0 0 0 1 569 2 7 7 8
2 26 0 1 0 0 0 3000 3 6 6 7
2 27 1 0 0 1 0 3000 1 7 7 6
2 28 0 0 0 0 1 586 2 7 7 7
2 29 0 1 0 0 0 3000 3 11 11 7
2 30 0 1 0 0 0 3000 2 13 13 11
2 31 0 1 0 0 0 3000 2 5 5 13
2 32 0 1 0 0 0 3000 2 15 15 5
2 33 0 1 0 0 0 3000 2 12 12 15
2 34 0 1 0 0 0 3000 2 6 6 12
2 35 0 1 0 0 0 3000 2 14 14 6
2 36 1 1 1 0 0 565 1 6 6 14
2 37 0 0 0 0 1 508 3 1 1 6
2 38 1 1 1 0 0 526 1 6 6 1
2 39 0 1 0 0 0 3000 3 2 2 6
2 40 0 1 0 0 0 3000 2 12 12 2
2 41 0 1 0 0 0 3000 3 10 10 12
2 42 0 1 0 0 0 3000 2 7 7 10
2 43 1 1 1 0 0 830 1 10 10 7
2 44 0 0 0 0 1 493 3 12 12 10
2 45 0 1 0 0 0 3000 2 9 9 12
2 46 0 1 0 0 0 3000 3 3 3 9
2 47 0 1 0 0 0 3000 3 1 1 3
2 48 1 1 1 0 0 580 1 3 3 1
2 49 0 1 0 0 0 3000 2 13 13 3
2 50 1 1 1 0 0 792 1 3 3 13
2 51 0 1 0 0 0 3000 3 10 10 3
2 52 1 1 1 0 0 740 1 3 3 10
2 53 1 1 1 0 0 511 1 10 10 3
2 54 0 1 0 0 0 3000 3 8 8 10
2 55 0 1 0 0 0 3000 3 12 12 8
2 56 1 1 1 0 0 629 1 8 8 12
2 57 0 1 0 0 0 3000 3 14 14 8
2 58 0 1 0 0 0 3000 3 5 5 14
2 59 1 1 1 0 0 466 1 14 14 5
2 60 0 1 0 0 0 3000 2 10 10 14
2 61 1 1 1 0 0 507 1 14 14 10
2 62 1 1 1 0 0 561 1 10 10 14
2 63 0 1 0 0 0 3000 2 1 1 10
2 64 1 0 0 1 0 3000 1 10 10 1
2 65 0 1 0 0 0 3000 3 13 13 10
2 66 1 1 1 0 0 465 1 10 10 13
2 67 1 1 1 0 0 587 1 13 13 10
2 68 0 1 0 0 0 3000 3 8 8 13
2 69 0 1 0 0 0 3000 2 5 5 8
2 70 0 1 0 0 0 3000 3 4 4 5
2 71 0 1 0 0 0 3000 2 3 3 4
2 72 1 1 1 0 0 625 1 4 4 3
2 73 0 0 0 0 1 543 2 4 4 4
2 74 1 1 1 0 0 519 1 4 4 4
2 75 0 1 0 0 0 3000 2 13 13 4
