1 1 0 1 0 0 0 3000 1 11 11 0
1 2 0 1 0 0 0 3000 2 14 14 11
1 3 1 1 1 0 0 390 1 11 11 14
1 4 0 1 0 0 0 3000 2 15 15 11
1 5 0 1 0 0 0 3000 2 13 13 15
1 6 0 1 0 0 0 3000 2 8 8 13
1 7 0 1 0 0 0 3000 2 9 9 8
1 8 1 1 1 0 0 450 1 8 8 9
1 9 0 1 0 0 0 3000 3 8 8 8
1 10 0 1 0 0 0 3000 2 11 11 8
2 1 0 1 0 0 0 3000 3 4 4 11
2 2 0 1 0 0 0 3000 3 1 1 4
2 3 0 1 0 0 0 3000 3 1 1 1
2 4 0 1 0 0 0 3000 3 12 12 1
2 5 0 1 0 0 0 3000 2 13 13 12
2 6 0 1 0 0 0 3000 3 8 8 13
2 7 1 1 1 0 0 293 1 13 13 8
2 8 1 1 1 0 0 482 1 8 8 13
2 9 0 1 0 0 0 3000 3 9 9 8
2 10 0 1 0 0 0 3000 3 2 2 9
2 11 0 1 0 0 0 3000 3 14 14 2
2 12 1 1 1 0 0 472 1 2 2 14
2 13 0 1 0 0 0 3000 2 4 4 2
2 14 0 1 0 0 0 3000 2 1 1 4
2 15 0 1 0 0 0 3000 2 5 5 1
2 16 1 1 1 0 0 415 1 1 1 5
2 17 1 0 0 1 0 3000 1 5 5 1
2 18 0 1 0 0 0 3000 3 6 6 5
2 19 0 1 0 0 0 3000 2 9 9 6
2 20 0 1 0 0 0 3000 2 11 11 9
2 21 0 0 0 0 1 281 3 4 4 11
2 22 0 1 0 0 0 3000 2 15 15 4
2 23 0 1 0 0 0 3000 3 11 11 15
2 24 0 0 0 0 1 791 2 4 4 11
2 25 1 0 0 1 0 3000 1 11 11 4
2 26 0 1 0 0 0 3000 3 3 3 11
2 27 0 1 0 0 0 3000 2 5 5 3
2 28 0 1 0 0 0 3000 2 4 4 5
2 29 1 1 1 0 0 338 1 5 5 4
2 30 1 0 0 1 0 3000 1 4 4 5
2 31 0 1 0 0 0 3000 3 3 3 4
2 32 1 1 1 0 0 574 1 4 4 3
2 33 0 1 0 0 0 3000 2 2 2 4
2 34 0 1 0 0 0 3000 2 2 2 2
2 35 1 1 1 0 0 379 1 2 2 2
2 36 0 1 0 0 0 3000 2 8 8 2
2 37 1 0 0 1 0 3000 1 2 2 8
2 38 0 1 0 0 0 3000 2 3 3 2
2 39 0 1 0 0 0 3000 2 15 15 3
2 40 1 1 1 0 0 326 1 3 3 15
2 41 0 1 0 0 0 3000 2 1 1 3
2 42 0 1 0 0 0 3000 3 10 10 1
2 43 1 1 1 0 0 604 1 1 1 10
2 44 0 1 0 0 0 3000 3 9 9 1
2 45 0 0 0 0 1 631 3 10 10 9
2 46 1 1 1 0 0 767 1 9 9 10
2 47 0 1 0 0 0 3000 2 2 2 9
2 48 1 1 1 0 0 577 1 9 9 2
2 49 0 1 0 0 0 3000 3 5 5 9
2 50 1 1 1 0 0 456 1 9 9 5
2 51 1 0 0 1 0 3000 1 5 5 9
2 52 1 1 1 0 0 589 1 9 9 5
2 53 0 1 0 0 0 3000 3 7 7 9
2 54 0 1 0 0 0 3000 2 6 6 7
2 55 1 1 1 0 0 626 1 7 7 6
2 56 0 1 0 0 0 3000 3 5 5 7
2 57 0 1 0 0 0 3000 3 2 2 5
2 58 1 1 1 0 0 392 1 5 5 2
2 59 0 1 0 0 0 3000 3 6 6 5
2 60 0 1 0 0 0 3000 3 15 15 6
2 61 0 0 0 0 1 1999 3 5 5 15
2 62 0 1 0 0 0 3000 2 2 2 5
2 63 0 1 0 0 0 3000 2 7 7 2
2 64 0 1 0 0 0 3000 3 11 11 7
2 65 0 1 0 0 0 3000 3 1 1 11
2 66 1 1 1 0 0 373 1 11 11 1
2 67 1 1 1 0 0 894 1 1 1 11
2 68 0 1 0 0 0 3000 3 3 3 1
2 69 0 1 0 0 0 3000 2 9 9 3
2 70 1 1 1 0 0 371 1 3 3 9
2 71 0 1 0 0 0 3000 2 11 11 3
2 72 0 1 0 0 0 3000 3 14 14 11
2 73 0 1 0 0 0 3000 3 15 15 14
2 74 1 1 1 0 0 557 1 14 14 15
2 75 0 1 0 0 0 3000 2 9 9 14
