1 1 0 1 0 0 0 3000 2 11 11 0
1 2 0 1 0 0 0 3000 2 7 7 11
1 3 0 1 0 0 0 3000 3 12 12 7
1 4 0 1 0 0 0 3000 3 1 1 12
1 5 0 1 0 0 0 3000 2 7 7 1
1 6 0 1 0 0 0 3000 2 3 3 7
1 7 0 1 0 0 0 3000 3 3 3 3
1 8 1 1 1 0 0 2207 1 3 3 3
1 9 0 1 0 0 0 3000 2 2 2 3
1 10 0 1 0 0 0 3000 2 6 6 2
2 1 0 1 0 0 0 3000 2 10 10 6
2 2 0 0 0 0 1 2760 3 3 3 10
2 3 1 1 1 0 0 932 1 10 10 3
2 4 0 1 0 0 0 3000 3 4 4 10
2 5 0 1 0 0 0 3000 3 9 9 4
2 6 0 1 0 0 0 3000 2 7 7 9
2 7 1 1 1 0 0 442 1 9 9 7
2 8 1 0 0 1 0 3000 1 7 7 9
2 9 1 1 1 0 0 504 1 9 9 7
2 10 0 1 0 0 0 3000 2 6 6 9
2 11 0 1 0 0 0 3000 2 13 13 6
2 12 0 1 0 0 0 3000 2 1 1 13
2 13 1 1 1 0 0 460 1 13 13 1
2 14 0 1 0 0 0 3000 3 12 12 13
2 15 1 1 1 0 0 536 1 13 13 12
2 16 0 1 0 0 0 3000 3 14 14 13
2 17 1 1 1 0 0 646 1 13 13 14
2 18 0 1 0 0 0 3000 2 8 8 13
2 19 0 1 0 0 0 3000 3 14 14 8
2 20 0 1 0 0 0 3000 2 3 3 14
2 21 0 0 0 0 1 1328 2 10 10 3
2 22 0 0 0 0 1 1019 2 12 12 10
2 23 0 1 0 0 0 3000 2 7 7 12
2 24 0 0 0 0 1 760 2 14 14 7
2 25 1 0 0 1 0 3000 1 7 7 14
2 26 0 1 0 0 0 3000 3 4 4 7
2 27 0 0 0 0 1 1235 2 6 6 4
2 28 0 1 0 0 0 3000 3 13 13 6
2 29 0 1 0 0 0 3000 2 12 12 13
2 30 0 1 0 0 0 3000 3 2 2 12
2 31 0 1 0 0 0 3000 2 8 8 2
2 32 1 0 0 1 0 3000 1 2 2 8
2 33 1 1 1 0 0 2081 1 8 8 2
2 34 1 0 0 1 0 3000 1 2 2 8
2 35 1 1 1 0 0 619 1 8 8 2
2 36 0 1 0 0 0 3000 2 1 1 8
2 37 0 0 0 0 1 2877 3 7 7 1
2 38 1 0 0 1 0 3000 1 1 1 7
2 39 0 1 0 0 0 3000 2 11 11 1
2 40 1 0 0 1 0 3000 1 1 1 11
2 41 0 0 0 0 1 823 2 6 6 1
2 42 0 1 0 0 0 3000 3 4 4 6
2 43 0 0 0 0 1 849 2 10 10 4
2 44 0 1 0 0 0 3000 3 13 13 10
2 45 0 1 0 0 0 3000 3 14 14 13
2 46 0 1 0 0 0 3000 3 1 1 14
2 47 0 0 0 0 1 609 2 13 13 1
2 48 0 1 0 0 0 3000 3 6 6 13
2 49 0 0 0 0 1 666 3 6 6 6
2 50 0 1 0 0 0 3000 2 1 1 6
2 51 0 1 0 0 0 3000 3 3 3 1
2 52 1 0 0 1 0 3000 1 1 1 3
2 53 1 0 0 1 0 3000 1 3 3 1
2 54 1 1 1 0 0 643 1 1 1 3
2 55 1 0 0 1 0 3000 1 3 3 1
2 56 0 1 0 0 0 3000 2 7 7 3
2 57 0 1 0 0 0 3000 3 8 8 7
2 58 1 0 0 1 0 3000 1 7 7 8
2 59 0 1 0 0 0 3000 3 13 13 7
2 60 0 1 0 0 0 3000 2 11 11 13
2 61 0 1 0 0 0 3000 2 10 10 11
2 62 0 1 0 0 0 3000 3 1 1 10
2 63 1 0 0 1 0 3000 1 10 10 1
2 64 0 1 0 0 0 3000 2 11 11 10
2 65 1 1 1 0 0 921 1 10 10 11
2 66 0 1 0 0 0 3000 3 13 13 10
2 67 0 1 0 0 0 3000 2 4 4 13
2 68 0 1 0 0 0 3000 3 5 5 4
2 69 0 1 0 0 0 3000 2 5 5 5
2 70 0 1 0 0 0 3000 2 15 15 5
2 71 1 0 0 1 0 3000 1 5 5 15
2 72 0 0 0 0 1 573 3 5 5 5
2 73 1 1 1 0 0 1024 1 5 5 5
2 74 1 0 0 1 0 3000 1 5 5 5
2 75 0 1 0 0 0 3000 2 6 6 5
