1 1 0 1 0 0 0 3000 2 6 6 0
1 2 0 1 0 0 0 3000 1 14 14 6
1 3 1 1 1 0 0 586 1 6 6 14
1 4 0 1 0 0 0 3000 2 12 12 6
1 5 0 1 0 0 0 3000 2 4 4 12
1 6 0 1 0 0 0 3000 2 4 4 4
1 7 0 1 0 0 0 3000 2 7 7 4
1 8 0 1 0 0 0 3000 3 15 15 7
1 9 0 1 0 0 0 3000 3 13 13 15
1 10 0 1 0 0 0 3000 3 14 14 13
2 1 0 1 0 0 0 3000 2 9 9 14
2 2 0 1 0 0 0 3000 3 15 15 9
2 3 0 1 0 0 0 3000 2 8 8 15
2 4 0 1 0 0 0 3000 2 9 9 8
2 5 0 1 0 0 0 3000 2 12 12 9
2 6 0 1 0 0 0 3000 3 2 2 12
2 7 0 1 0 0 0 3000 3 1 1 2
2 8 1 0 0 1 0 3000 1 2 2 1
2 9 0 1 0 0 0 3000 3 5 5 2
2 10 0 1 0 0 0 3000 3 13 13 5
2 11 0 1 0 0 0 3000 3 9 9 13
2 12 0 1 0 0 0 3000 3 4 4 9
2 13 0 1 0 0 0 3000 2 1 1 4
2 14 1 0 0 1 0 3000 1 4 4 1
2 15 0 1 0 0 0 3000 3 6 6 4
2 16 1 0 0 1 0 3000 1 4 4 6
2 17 0 1 0 0 0 3000 2 4 4 4
2 18 0 1 0 0 0 3000 2 5 5 4
2 19 0 1 0 0 0 3000 2 3 3 5
2 20 0 0 0 0 1 2536 2 10 10 3
2 21 0 1 0 0 0 3000 2 11 11 10
2 22 0 1 0 0 0 3000 3 14 14 11
2 23 1 1 1 0 0 760 1 11 11 14
2 24 0 1 0 0 0 3000 2 10 10 11
2 25 1 1 1 0 0 969 1 11 11 10
2 26 0 1 0 0 0 3000 3 8 8 11
2 27 0 1 0 0 0 3000 2 3 3 8
2 28 0 1 0 0 0 3000 2 5 5 3
2 29 0 1 0 0 0 3000 2 7 7 5
2 30 0 1 0 0 0 3000 2 11 11 7
2 31 0 1 0 0 0 3000 3 11 11 11
2 32 0 1 0 0 0 3000 3 4 4 11
2 33 0 1 0 0 0 3000 2 8 8 4
2 34 1 0 0 1 0 3000 1 4 4 8
2 35 1 0 0 1 0 3000 1 8 8 4
2 36 0 1 0 0 0 3000 2 7 7 8
2 37 0 1 0 0 0 3000 3 10 10 7
2 38 0 1 0 0 0 3000 2 6 6 10
2 39 0 1 0 0 0 3000 2 1 1 6
2 40 0 1 0 0 0 3000 2 5 5 1
2 41 0 1 0 0 0 3000 2 12 12 5
2 42 0 1 0 0 0 3000 2 4 4 12
2 43 1 0 0 1 0 3000 1 12 12 4
2 44 1 1 1 0 0 461 1 4 4 12
2 45 1 0 0 1 0 3000 1 12 12 4
2 46 0 1 0 0 0 3000 2 2 2 12
2 47 0 1 0 0 0 3000 3 8 8 2
2 48 0 1 0 0 0 3000 3 6 6 8
2 49 0 1 0 0 0 3000 3 15 15 6
2 50 0 1 0 0 0 3000 2 14 14 15
2 51 0 1 0 0 0 3000 2 5 5 14
2 52 0 1 0 0 0 3000 3 11 11 5
2 53 0 1 0 0 0 3000 3 8 8 11
2 54 0 1 0 0 0 3000 3 12 12 8
2 55 0 1 0 0 0 3000 3 6 6 12
2 56 0 1 0 0 0 3000 3 11 11 6
2 57 0 1 0 0 0 3000 2 3 3 11
2 58 1 1 1 0 0 487 1 11 11 3
2 59 0 1 0 0 0 3000 3 15 15 11
2 60 0 1 0 0 0 3000 2 7 7 15
2 61 0 1 0 0 0 3000 3 4 4 7
2 62 1 1 1 0 0 433 1 7 7 4
2 63 0 1 0 0 0 3000 2 12 12 7
2 64 0 1 0 0 0 3000 3 12 12 12
2 65 0 1 0 0 0 3000 3 10 10 12
2 66 1 0 0 1 0 3000 1 12 12 10
2 67 1 1 1 0 0 405 1 10 10 12
2 68 0 1 0 0 0 3000 3 7 7 10
2 69 1 0 0 1 0 3000 1 10 10 7
2 70 1 0 0 1 0 3000 1 7 7 10
2 71 0 1 0 0 0 3000 3 14 14 7
2 72 0 1 0 0 0 3000 2 3 3 14
2 73 1 1 1 0 0 501 1 14 14 3
2 74 1 0 0 1 0 3000 1 3 3 14
2 75 0 1 0 0 0 3000 2 12 12 3
