1 1 0 1 0 0 0 3000 1 10 10 0
1 2 0 1 0 0 0 3000 3 6 6 10
1 3 0 1 0 0 0 3000 2 11 11 6
1 4 0 1 0 0 0 3000 3 1 1 11
1 5 0 1 0 0 0 3000 3 3 3 1
1 6 1 0 0 1 0 3000 1 1 1 3
1 7 1 1 1 0 0 1558 1 3 3 1
1 8 0 1 0 0 0 3000 3 11 11 3
1 9 1 1 1 0 0 448 1 3 3 11
1 10 1 1 1 0 0 606 1 11 11 3
2 1 0 1 0 0 0 3000 3 2 2 11
2 2 0 1 0 0 0 3000 2 3 3 2
2 3 0 1 0 0 0 3000 2 11 11 3
2 4 1 1 1 0 0 544 1 3 3 11
2 5 0 1 0 0 0 3000 3 12 12 3
2 6 0 1 0 0 0 3000 2 14 14 12
2 7 1 1 1 0 0 360 1 12 12 14
2 8 1 1 1 0 0 623 1 14 14 12
2 9 0 1 0 0 0 3000 2 15 15 14
2 10 1 1 1 0 0 575 1 14 14 15
2 11 0 1 0 0 0 3000 3 7 7 14
2 12 1 1 1 0 0 641 1 14 14 7
2 13 1 1 1 0 0 718 1 7 7 14
2 14 1 1 1 0 0 484 1 14 14 7
2 15 1 1 1 0 0 576 1 7 7 14
2 16 0 0 0 0 1 646 3 11 11 7
2 17 0 1 0 0 0 3000 2 13 13 11
2 18 0 1 0 0 0 3000 3 6 6 13
2 19 0 1 0 0 0 3000 2 3 3 6
2 20 0 1 0 0 0 3000 2 9 9 3
2 21 0 1 0 0 0 3000 3 5 5 9
2 22 0 0 0 0 1 671 3 5 5 5
2 23 0 1 0 0 0 3000 2 3 3 5
2 24 0 1 0 0 0 3000 3 7 7 3
2 25 0 1 0 0 0 3000 3 2 2 7
2 26 1 1 1 0 0 438 1 7 7 2
2 27 0 1 0 0 0 3000 3 6 6 7
2 28 0 1 0 0 0 3000 3 4 4 6
2 29 0 0 0 0 1 973 2 4 4 4
2 30 0 1 0 0 0 3000 3 13 13 4
2 31 0 1 0 0 0 3000 2 12 12 13
2 32 0 1 0 0 0 3000 2 14 14 12
2 33 0 1 0 0 0 3000 3 11 11 14
2 34 0 1 0 0 0 3000 3 7 7 11
2 35 0 1 0 0 0 3000 3 10 10 7
2 36 0 1 0 0 0 3000 3 14 14 10
2 37 0 1 0 0 0 3000 3 2 2 14
2 38 0 1 0 0 0 3000 3 12 12 2
2 39 1 1 1 0 0 2152 1 2 2 12
2 40 0 1 0 0 0 3000 2 9 9 2
2 41 0 1 0 0 0 3000 2 1 1 9
2 42 0 1 0 0 0 3000 2 10 10 1
2 43 0 1 0 0 0 3000 2 15 15 10
2 44 0 1 0 0 0 3000 2 2 2 15
2 45 1 1 1 0 0 426 1 15 15 2
2 46 0 1 0 0 0 3000 2 10 10 15
2 47 0 1 0 0 0 3000 3 13 13 10
2 48 0 1 0 0 0 3000 2 4 4 13
2 49 0 1 0 0 0 3000 2 5 5 4
2 50 0 1 0 0 0 3000 2 10 10 5
2 51 0 1 0 0 0 3000 2 3 3 10
2 52 0 1 0 0 0 3000 3 5 5 3
2 53 0 1 0 0 0 3000 2 2 2 5
2 54 0 1 0 0 0 3000 3 4 4 2
2 55 1 0 0 1 0 3000 1 2 2 4
2 56 1 1 1 0 0 705 1 4 4 2
2 57 0 0 0 0 1 675 2 5 5 4
2 58 0 1 0 0 0 3000 2 1 1 5
2 59 0 1 0 0 0 3000 2 6 6 1
2 60 0 1 0 0 0 3000 2 9 9 6
2 61 0 1 0 0 0 3000 3 2 2 9
2 62 0 1 0 0 0 3000 2 10 10 2
2 63 0 1 0 0 0 3000 2 1 1 10
2 64 0 1 0 0 0 3000 3 4 4 1
2 65 1 1 1 0 0 433 1 1 1 4
2 66 1 0 0 1 0 3000 1 4 4 1
2 67 0 1 0 0 0 3000 3 2 2 4
2 68 0 1 0 0 0 3000 3 11 11 2
2 69 1 1 1 0 0 409 1 2 2 11
2 70 0 1 0 0 0 3000 2 7 7 2
2 71 1 1 1 0 0 682 1 2 2 7
2 72 0 1 0 0 0 3000 3 15 15 2
2 73 0 1 0 0 0 3000 2 10 10 15
2 74 1 1 1 0 0 400 1 15 15 10
2 75 0 1 0 0 0 3000 3 4 4 15
