1 1 0 1 0 0 0 3000 3 3 3 0
1 2 0 1 0 0 0 3000 1 13 13 3
1 3 0 0 0 0 1 503 2 7 7 13
1 4 1 0 0 1 0 3000 1 13 13 7
1 5 0 0 0 0 1 435 2 2 2 13
1 6 0 1 0 0 0 3000 3 10 10 2
1 7 1 1 1 0 0 427 1 2 2 10
1 8 1 0 0 1 0 3000 1 10 10 2
1 9 0 1 0 0 0 3000 3 14 14 10
1 10 0 1 0 0 0 3000 2 11 11 14
2 1 0 1 0 0 0 3000 3 1 1 11
2 2 0 1 0 0 0 3000 1 14 14 1
2 3 0 1 0 0 0 3000 3 3 3 14
2 4 1 0 0 1 0 3000 1 14 14 3
2 5 1 1 1 0 0 305 1 3 3 14
2 6 0 1 0 0 0 3000 3 1 1 3
2 7 0 1 0 0 0 3000 3 13 13 1
2 8 0 1 0 0 0 3000 3 10 10 13
2 9 0 1 0 0 0 3000 2 6 6 10
2 10 0 1 0 0 0 3000 3 13 13 6
2 11 0 1 0 0 0 3000 3 8 8 13
2 12 0 1 0 0 0 3000 2 1 1 8
2 13 0 1 0 0 0 3000 2 12 12 1
2 14 0 1 0 0 0 3000 3 13 13 12
2 15 1 1 1 0 0 417 1 12 12 13
2 16 1 0 0 1 0 3000 1 13 13 12
2 17 1 1 1 0 0 510 1 12 12 13
2 18 0 1 0 0 0 3000 2 12 12 12
2 19 0 0 0 0 1 295 2 5 5 12
2 20 0 1 0 0 0 3000 2 9 9 5
2 21 0 0 0 0 1 632 3 4 4 9
2 22 0 1 0 0 0 3000 2 13 13 4
2 23 0 1 0 0 0 3000 2 15 15 13
2 24 1 1 1 0 0 1034 1 13 13 15
2 25 1 0 0 1 0 3000 1 15 15 13
2 26 1 1 1 0 0 395 1 13 13 15
2 27 0 1 0 0 0 3000 2 6 6 13
2 28 0 1 0 0 0 3000 3 11 11 6
2 29 0 1 0 0 0 3000 3 3 3 11
2 30 0 0 0 0 1 1614 3 5 5 3
2 31 0 1 0 0 0 3000 3 9 9 5
2 32 0 0 0 0 1 676 3 13 13 9
2 33 1 1 1 0 0 533 1 9 9 13
2 34 0 1 0 0 0 3000 3 15 15 9
2 35 0 1 0 0 0 3000 3 12 12 15
2 36 1 1 1 0 0 1082 1 15 15 12
2 37 0 1 0 0 0 3000 3 5 5 15
2 38 0 0 0 0 1 410 2 4 4 5
2 39 0 1 0 0 0 3000 2 1 1 4
2 40 1 1 1 0 0 868 1 4 4 1
2 41 0 1 0 0 0 3000 3 7 7 4
2 42 0 1 0 0 0 3000 2 2 2 7
2 43 0 1 0 0 0 3000 2 1 1 2
2 44 0 1 0 0 0 3000 2 3 3 1
2 45 1 1 1 0 0 1248 1 1 1 3
2 46 1 0 0 1 0 3000 1 3 3 1
2 47 1 0 0 1 0 3000 1 1 1 3
2 48 0 1 0 0 0 3000 3 10 10 1
2 49 1 0 0 1 0 3000 1 1 1 10
2 50 0 1 0 0 0 3000 3 8 8 1
2 51 1 0 0 1 0 3000 1 1 1 8
2 52 0 0 0 0 1 505 2 1 1 1
2 53 0 1 0 0 0 3000 3 7 7 1
2 54 1 0 0 1 0 3000 1 1 1 7
2 55 1 0 0 1 0 3000 1 7 7 1
2 56 0 1 0 0 0 3000 3 11 11 7
2 57 0 1 0 0 0 3000 3 15 15 11
2 58 0 1 0 0 0 3000 2 6 6 15
2 59 0 1 0 0 0 3000 2 2 2 6
2 60 1 1 1 0 0 469 1 6 6 2
2 61 0 1 0 0 0 3000 2 15 15 6
2 62 0 1 0 0 0 3000 3 12 12 15
2 63 1 0 0 1 0 3000 1 15 15 12
2 64 0 1 0 0 0 3000 2 6 6 15
2 65 0 1 0 0 0 3000 3 9 9 6
2 66 0 1 0 0 0 3000 3 8 8 9
2 67 1 1 1 0 0 696 1 9 9 8
2 68 0 1 0 0 0 3000 3 6 6 9
2 69 0 1 0 0 0 3000 3 13 13 6
2 70 0 1 0 0 0 3000 3 1 1 13
2 71 0 1 0 0 0 3000 2 14 14 1
2 72 0 0 0 0 1 300 3 2 2 14
2 73 0 1 0 0 0 3000 2 13 13 2
2 74 0 0 0 0 1 904 3 13 13 13
2 75 1 0 0 1 0 3000 1 13 13 13
