1 1 0 1 0 0 0 3000 3 2 2 0
1 2 0 1 0 0 0 3000 3 7 7 2
1 3 1 1 1 0 0 550 1 2 2 7
1 4 1 0 0 1 0 3000 1 7 7 2
1 5 0 1 0 0 0 3000 3 6 6 7
1 6 0 1 0 0 0 3000 2 10 10 6
1 7 1 1 1 0 0 905 1 6 6 10
1 8 0 1 0 0 0 3000 2 13 13 6
1 9 1 1 1 0 0 1051 1 6 6 13
1 10 0 1 0 0 0 3000 2 7 7 6
2 1 0 1 0 0 0 3000 2 11 11 7
2 2 0 1 0 0 0 3000 3 2 2 11
2 3 0 0 0 0 1 706 3 13 13 2
2 4 1 0 0 1 0 3000 1 2 2 13
2 5 0 1 0 0 0 3000 3 11 11 2
2 6 0 1 0 0 0 3000 3 9 9 11
2 7 0 1 0 0 0 3000 2 12 12 9
2 8 0 1 0 0 0 3000 3 14 14 12
2 9 0 1 0 0 0 3000 2 9 9 14
2 10 0 1 0 0 0 3000 3 7 7 9
2 11 1 1 1 0 0 597 1 9 9 7
2 12 0 1 0 0 0 3000 3 2 2 9
2 13 0 1 0 0 0 3000 2 6 6 2
2 14 0 0 0 0 1 261 3 8 8 6
2 15 1 0 0 1 0 3000 1 6 6 8
2 16 0 0 0 0 1 785 3 6 6 6
2 17 0 1 0 0 0 3000 2 7 7 6
2 18 0 1 0 0 0 3000 2 10 10 7
2 19 1 1 1 0 0 413 1 7 7 10
2 20 0 1 0 0 0 3000 2 1 1 7
2 21 0 1 0 0 0 3000 2 6 6 1
2 22 0 1 0 0 0 3000 3 10 10 6
2 23 0 1 0 0 0 3000 3 1 1 10
2 24 0 1 0 0 0 3000 2 9 9 1
2 25 0 1 0 0 0 3000 3 8 8 9
2 26 1 0 0 1 0 3000 1 9 9 8
2 27 0 1 0 0 0 3000 2 5 5 9
2 28 0 1 0 0 0 3000 2 4 4 5
2 29 1 1 1 0 0 389 1 5 5 4
2 30 0 1 0 0 0 3000 2 15 15 5
2 31 1 0 0 1 0 3000 1 5 5 15
2 32 0 0 0 0 1 801 3 13 13 5
2 33 0 1 0 0 0 3000 2 2 2 13
2 34 1 0 0 1 0 3000 1 13 13 2
2 35 0 0 0 0 1 308 3 14 14 13
2 36 0 1 0 0 0 3000 2 10 10 14
2 37 0 1 0 0 0 3000 2 15 15 10
2 38 0 1 0 0 0 3000 3 1 1 15
2 39 1 1 1 0 0 930 1 15 15 1
2 40 1 0 0 1 0 3000 1 1 1 15
2 41 1 1 1 0 0 517 1 15 15 1
2 42 1 0 0 1 0 3000 1 1 1 15
2 43 0 1 0 0 0 3000 3 13 13 1
2 44 0 1 0 0 0 3000 3 12 12 13
2 45 1 1 1 0 0 469 1 13 13 12
2 46 1 0 0 1 0 3000 1 12 12 13
2 47 0 1 0 0 0 3000 3 8 8 12
2 48 1 0 0 1 0 3000 1 12 12 8
2 49 0 1 0 0 0 3000 3 1 1 12
2 50 0 1 0 0 0 3000 2 9 9 1
2 51 0 1 0 0 0 3000 2 5 5 9
2 52 1 0 0 1 0 3000 1 9 9 5
2 53 0 1 0 0 0 3000 3 14 14 9
2 54 1 1 1 0 0 305 1 9 9 14
2 55 1 0 0 1 0 3000 1 14 14 9
2 56 0 1 0 0 0 3000 3 7 7 14
2 57 0 0 0 0 1 300 2 5 5 7
2 58 0 1 0 0 0 3000 2 2 2 5
2 59 0 1 0 0 0 3000 2 9 9 2
2 60 0 1 0 0 0 3000 3 6 6 9
2 61 1 1 1 0 0 869 1 9 9 6
2 62 0 1 0 0 0 3000 2 8 8 9
2 63 1 1 1 0 0 492 1 9 9 8
2 64 0 1 0 0 0 3000 2 7 7 9
2 65 0 1 0 0 0 3000 2 12 12 7
2 66 0 0 0 0 1 2206 2 12 12 12
2 67 0 1 0 0 0 3000 3 8 8 12
2 68 0 1 0 0 0 3000 3 14 14 8
2 69 0 1 0 0 0 3000 2 11 11 14
2 70 0 1 0 0 0 3000 3 13 13 11
2 71 0 1 0 0 0 3000 2 3 3 13
2 72 0 1 0 0 0 3000 2 4 4 3
2 73 0 1 0 0 0 3000 3 5 5 4
2 74 0 1 0 0 0 3000 2 15 15 5
2 75 0 1 0 0 0 3000 2 4 4 15
