1 1 0 1 0 0 0 3000 1 8 8 0
1 2 0 1 0 0 0 3000 2 10 10 8
1 3 0 1 0 0 0 3000 3 5 5 10
1 4 1 0 0 1 0 3000 1 10 10 5
1 5 0 1 0 0 0 3000 3 7 7 10
1 6 0 1 0 0 0 3000 2 9 9 7
1 7 1 1 1 0 0 285 1 7 7 9
1 8 0 1 0 0 0 3000 3 3 3 7
1 9 1 1 1 0 0 721 1 7 7 3
1 10 0 1 0 0 0 3000 3 7 7 7
2 1 0 1 0 0 0 3000 3 10 10 7
2 2 0 1 0 0 0 3000 2 3 3 10
2 3 0 1 0 0 0 3000 2 6 6 3
2 4 0 1 0 0 0 3000 3 6 6 6
2 5 1 0 0 1 0 3000 1 6 6 6
2 6 0 1 0 0 0 3000 2 2 2 6
2 7 1 1 1 0 0 527 1 6 6 2
2 8 1 0 0 1 0 3000 1 2 2 6
2 9 0 1 0 0 0 3000 3 12 12 2
2 10 0 1 0 0 0 3000 2 10 10 12
2 11 0 0 0 0 1 481 2 8 8 10
2 12 1 1 1 0 0 681 1 10 10 8
2 13 0 1 0 0 0 3000 3 1 1 10
2 14 0 1 0 0 0 3000 3 15 15 1
2 15 1 0 0 1 0 3000 1 1 1 15
2 16 1 1 1 0 0 484 1 15 15 1
2 17 0 1 0 0 0 3000 3 7 7 15
2 18 1 1 1 0 0 479 1 15 15 7
2 19 0 1 0 0 0 3000 3 5 5 15
2 20 0 1 0 0 0 3000 3 10 10 5
2 21 0 1 0 0 0 3000 3 4 4 10
2 22 0 1 0 0 0 3000 2 8 8 4
2 23 0 1 0 0 0 3000 3 5 5 8
2 24 0 1 0 0 0 3000 3 1 1 5
2 25 0 1 0 0 0 3000 3 3 3 1
2 26 1 1 1 0 0 275 1 1 1 3
2 27 1 0 0 1 0 3000 1 3 3 1
2 28 1 1 1 0 0 296 1 1 1 3
2 29 1 0 0 1 0 3000 1 3 3 1
2 30 0 1 0 0 0 3000 2 7 7 3
2 31 0 1 0 0 0 3000 3 7 7 7
2 32 0 0 0 0 1 605 3 9 9 7
2 33 1 0 0 1 0 3000 1 7 7 9
2 34 0 1 0 0 0 3000 3 2 2 7
2 35 1 0 0 1 0 3000 1 7 7 2
2 36 0 1 0 0 0 3000 3 13 13 7
2 37 0 1 0 0 0 3000 3 11 11 13
2 38 0 1 0 0 0 3000 3 3 3 11
2 39 0 1 0 0 0 3000 3 1 1 3
2 40 0 1 0 0 0 3000 3 15 15 1
2 41 0 1 0 0 0 3000 3 10 10 15
2 42 1 1 1 0 0 303 1 15 15 10
2 43 0 1 0 0 0 3000 3 1 1 15
2 44 0 1 0 0 0 3000 2 14 14 1
2 45 1 0 0 1 0 3000 1 1 1 14
2 46 0 0 0 0 1 398 2 9 9 1
2 47 1 0 0 1 0 3000 1 1 1 9
2 48 0 1 0 0 0 3000 3 8 8 1
2 49 0 1 0 0 0 3000 2 14 14 8
2 50 1 1 1 0 0 324 1 8 8 14
2 51 1 0 0 1 0 3000 1 14 14 8
2 52 1 1 1 0 0 357 1 8 8 14
2 53 0 1 0 0 0 3000 3 7 7 8
2 54 0 1 0 0 0 3000 3 6 6 7
2 55 0 1 0 0 0 3000 2 14 14 6
2 56 0 1 0 0 0 3000 3 9 9 14
2 57 1 0 0 1 0 3000 1 14 14 9
2 58 0 1 0 0 0 3000 2 10 10 14
2 59 0 0 0 0 1 436 3 7 7 10
2 60 0 1 0 0 0 3000 3 4 4 7
2 61 0 1 0 0 0 3000 3 13 13 4
2 62 1 1 1 0 0 396 1 4 4 13
2 63 0 1 0 0 0 3000 2 1 1 4
2 64 0 1 0 0 0 3000 2 5 5 1
2 65 0 1 0 0 0 3000 3 14 14 5
2 66 0 0 0 0 1 390 3 10 10 14
2 67 1 0 0 1 0 3000 1 14 14 10
2 68 1 1 1 0 0 1203 1 10 10 14
2 69 0 1 0 0 0 3000 2 4 4 10
2 70 0 1 0 0 0 3000 3 3 3 4
2 71 0 1 0 0 0 3000 3 14 14 3
2 72 0 1 0 0 0 3000 3 12 12 14
2 73 0 0 0 0 1 193 2 5 5 12
2 74 0 1 0 0 0 3000 2 8 8 5
2 75 1 1 1 0 0 312 1 5 5 8
