1 1 0 1 0 0 0 3000 2 8 8 0
1 2 0 1 0 0 0 3000 3 6 6 8
1 3 0 1 0 0 0 3000 2 13 13 6
1 4 0 1 0 0 0 3000 3 9 9 13
1 5 1 1 1 0 0 450 1 13 13 9
1 6 0 1 0 0 0 3000 2 13 13 13
1 7 0 1 0 0 0 3000 2 10 10 13
1 8 0 1 0 0 0 3000 3 6 6 10
1 9 0 1 0 0 0 3000 2 11 11 6
1 10 0 1 0 0 0 3000 2 3 3 11
2 1 0 1 0 0 0 3000 1 13 13 3
2 2 0 1 0 0 0 3000 3 2 2 13
2 3 1 1 1 0 0 572 1 13 13 2
2 4 1 1 1 0 0 393 1 2 2 13
2 5 1 1 1 0 0 357 1 13 13 2
2 6 1 1 1 0 0 434 1 2 2 13
2 7 1 1 1 0 0 368 1 13 13 2
2 8 1 1 1 0 0 353 1 2 2 13
2 9 0 1 0 0 0 3000 3 7 7 2
2 10 0 1 0 0 0 3000 2 8 8 7
2 11 0 1 0 0 0 3000 3 8 8 8
2 12 0 1 0 0 0 3000 3 5 5 8
2 13 0 1 0 0 0 3000 2 11 11 5
2 14 0 1 0 0 0 3000 3 8 8 11
2 15 0 1 0 0 0 3000 3 4 4 8
2 16 0 1 0 0 0 3000 3 9 9 4
2 17 0 1 0 0 0 3000 3 12 12 9
2 18 1 1 1 0 0 767 1 9 9 12
2 19 0 1 0 0 0 3000 3 6 6 9
2 20 0 0 0 0 1 358 2 13 13 6
2 21 1 1 1 0 0 1022 1 6 6 13
2 22 1 0 0 1 0 3000 1 13 13 6
2 23 1 1 1 0 0 363 1 6 6 13
2 24 0 1 0 0 0 3000 3 8 8 6
2 25 0 1 0 0 0 3000 2 5 5 8
2 26 0 1 0 0 0 3000 2 14 14 5
2 27 1 1 1 0 0 334 1 5 5 14
2 28 1 1 1 0 0 657 1 14 14 5
2 29 0 1 0 0 0 3000 3 7 7 14
2 30 0 1 0 0 0 3000 3 9 9 7
2 31 0 1 0 0 0 3000 2 5 5 9
2 32 0 1 0 0 0 3000 3 6 6 5
2 33 0 1 0 0 0 3000 2 3 3 6
2 34 0 1 0 0 0 3000 3 1 1 3
2 35 0 1 0 0 0 3000 3 7 7 1
2 36 1 1 1 0 0 483 1 1 1 7
2 37 0 1 0 0 0 3000 2 12 12 1
2 38 0 1 0 0 0 3000 2 5 5 12
2 39 1 1 1 0 0 338 1 12 12 5
2 40 0 1 0 0 0 3000 2 2 2 12
2 41 0 1 0 0 0 3000 2 11 11 2
2 42 1 1 1 0 0 384 1 2 2 11
2 43 0 1 0 0 0 3000 3 14 14 2
2 44 0 1 0 0 0 3000 2 5 5 14
2 45 0 1 0 0 0 3000 2 1 1 5
2 46 0 1 0 0 0 3000 2 11 11 1
2 47 0 1 0 0 0 3000 3 8 8 11
2 48 0 1 0 0 0 3000 3 7 7 8
2 49 1 1 1 0 0 409 1 8 8 7
2 50 1 1 1 0 0 395 1 7 7 8
2 51 0 1 0 0 0 3000 3 14 14 7
2 52 0 1 0 0 0 3000 3 3 3 14
2 53 0 1 0 0 0 3000 3 11 11 3
2 54 0 1 0 0 0 3000 3 4 4 11
2 55 0 1 0 0 0 3000 2 14 14 4
2 56 0 1 0 0 0 3000 2 13 13 14
2 57 1 1 1 0 0 407 1 14 14 13
2 58 0 1 0 0 0 3000 2 9 9 14
2 59 1 0 0 1 0 3000 1 14 14 9
2 60 1 1 1 0 0 401 1 9 9 14
2 61 0 1 0 0 0 3000 3 8 8 9
2 62 0 1 0 0 0 3000 2 10 10 8
2 63 1 1 1 0 0 369 1 8 8 10
2 64 0 1 0 0 0 3000 3 11 11 8
2 65 0 1 0 0 0 3000 3 7 7 11
2 66 0 1 0 0 0 3000 3 5 5 7
2 67 0 0 0 0 1 895 2 5 5 5
2 68 1 1 1 0 0 499 1 5 5 5
2 69 0 1 0 0 0 3000 2 15 15 5
2 70 0 1 0 0 0 3000 2 15 15 15
2 71 0 1 0 0 0 3000 3 2 2 15
2 72 0 1 0 0 0 3000 3 6 6 2
2 73 0 1 0 0 0 3000 3 8 8 6
2 74 0 1 0 0 0 3000 3 11 11 8
2 75 0 1 0 0 0 3000 3 6 6 11
