1 1 0 1 0 0 0 3000 3 1 1 0
1 2 0 1 0 0 0 3000 3 6 6 1
1 3 1 1 1 0 0 865 1 1 1 6
1 4 0 1 0 0 0 3000 3 8 8 1
1 5 1 1 1 0 0 1164 1 1 1 8
1 6 0 1 0 0 0 3000 2 5 5 1
1 7 1 1 1 0 0 1036 1 1 1 5
1 8 0 1 0 0 0 3000 3 15 15 1
1 9 1 0 0 1 0 3000 1 1 1 15
1 10 0 1 0 0 0 3000 2 3 3 1
2 1 0 1 0 0 0 3000 1 2 2 3
2 2 0 1 0 0 0 3000 3 6 6 2
2 3 1 1 1 0 0 699 1 2 2 6
2 4 0 1 0 0 0 3000 3 4 4 2
2 5 0 1 0 0 0 3000 3 13 13 4
2 6 1 1 1 0 0 743 1 4 4 13
2 7 0 1 0 0 0 3000 3 3 3 4
2 8 0 1 0 0 0 3000 2 3 3 3
2 9 0 1 0 0 0 3000 2 1 1 3
2 10 0 1 0 0 0 3000 3 2 2 1
2 11 0 1 0 0 0 3000 2 4 4 2
2 12 0 1 0 0 0 3000 3 8 8 4
2 13 1 1 1 0 0 857 1 4 4 8
2 14 0 1 0 0 0 3000 2 11 11 4
2 15 0 1 0 0 0 3000 2 3 3 11
2 16 1 1 1 0 0 874 1 11 11 3
2 17 0 1 0 0 0 3000 3 10 10 11
2 18 1 1 1 0 0 808 1 11 11 10
2 19 0 1 0 0 0 3000 2 6 6 11
2 20 0 1 0 0 0 3000 2 9 9 6
2 21 1 1 1 0 0 517 1 6 6 9
2 22 0 1 0 0 0 3000 3 10 10 6
2 23 1 1 1 0 0 732 1 6 6 10
2 24 1 1 1 0 0 1246 1 10 10 6
2 25 0 1 0 0 0 3000 2 11 11 10
2 26 0 1 0 0 0 3000 2 1 1 11
2 27 1 1 1 0 0 548 1 11 11 1
2 28 1 1 1 0 0 920 1 1 1 11
2 29 0 1 0 0 0 3000 3 1 1 1
2 30 0 1 0 0 0 3000 3 14 14 1
2 31 0 1 0 0 0 3000 2 6 6 14
2 32 1 1 1 0 0 607 1 14 14 6
2 33 0 1 0 0 0 3000 3 15 15 14
2 34 0 1 0 0 0 3000 2 12 12 15
2 35 0 1 0 0 0 3000 2 9 9 12
2 36 0 1 0 0 0 3000 2 7 7 9
2 37 1 1 1 0 0 806 1 9 9 7
2 38 1 1 1 0 0 1151 1 7 7 9
2 39 0 1 0 0 0 3000 3 4 4 7
2 40 0 1 0 0 0 3000 2 5 5 4
2 41 0 1 0 0 0 3000 3 13 13 5
2 42 1 1 1 0 0 704 1 5 5 13
2 43 0 1 0 0 0 3000 2 15 15 5
2 44 0 1 0 0 0 3000 3 12 12 15
2 45 1 1 1 0 0 855 1 15 15 12
2 46 0 1 0 0 0 3000 3 8 8 15
2 47 0 1 0 0 0 3000 2 14 14 8
2 48 0 1 0 0 0 3000 2 15 15 14
2 49 0 1 0 0 0 3000 3 2 2 15
2 50 1 1 1 0 0 508 1 15 15 2
2 51 0 1 0 0 0 3000 3 11 11 15
2 52 0 1 0 0 0 3000 2 6 6 11
2 53 0 1 0 0 0 3000 2 15 15 6
2 54 1 1 1 0 0 1072 1 6 6 15
2 55 1 0 0 1 0 3000 1 15 15 6
2 56 1 1 1 0 0 651 1 6 6 15
2 57 0 1 0 0 0 3000 3 11 11 6
2 58 1 1 1 0 0 870 1 6 6 11
2 59 1 1 1 0 0 1344 1 11 11 6
2 60 1 1 1 0 0 1377 1 6 6 11
2 61 0 1 0 0 0 3000 2 5 5 6
2 62 1 1 1 0 0 703 1 6 6 5
2 63 1 1 1 0 0 980 1 5 5 6
2 64 1 1 1 0 0 924 1 6 6 5
2 65 0 1 0 0 0 3000 2 15 15 6
2 66 0 1 0 0 0 3000 2 10 10 15
2 67 0 1 0 0 0 3000 3 5 5 10
2 68 0 1 0 0 0 3000 3 3 3 5
2 69 1 1 1 0 0 502 1 5 5 3
2 70 0 1 0 0 0 3000 3 15 15 5
2 71 1 0 0 1 0 3000 1 5 5 15
2 72 0 0 0 0 1 818 3 3 3 5
2 73 1 0 0 1 0 3000 1 5 5 3
2 74 0 1 0 0 0 3000 3 4 4 5
2 75 1 1 1 0 0 504 1 5 5 4
