1 1 0 1 0 0 0 3000 1 11 11 0
1 2 0 1 0 0 0 3000 3 10 10 11
1 3 0 1 0 0 0 3000 2 6 6 10
1 4 0 1 0 0 0 3000 3 13 13 6
1 5 0 1 0 0 0 3000 2 7 7 13
1 6 0 1 0 0 0 3000 3 4 4 7
1 7 0 1 0 0 0 3000 2 8 8 4
1 8 1 0 0 1 0 3000 1 4 4 8
1 9 1 0 0 1 0 3000 1 8 8 4
1 10 0 1 0 0 0 3000 2 8 8 8
2 1 0 1 0 0 0 3000 3 3 3 8
2 2 0 1 0 0 0 3000 3 6 6 3
2 3 0 1 0 0 0 3000 2 2 2 6
2 4 0 1 0 0 0 3000 3 15 15 2
2 5 0 1 0 0 0 3000 3 9 9 15
2 6 0 1 0 0 0 3000 3 6 6 9
2 7 0 1 0 0 0 3000 2 14 14 6
2 8 0 1 0 0 0 3000 3 7 7 14
2 9 1 1 1 0 0 390 1 14 14 7
2 10 0 1 0 0 0 3000 2 3 3 14
2 11 0 1 0 0 0 3000 2 13 13 3
2 12 0 1 0 0 0 3000 3 7 7 13
2 13 0 1 0 0 0 3000 3 7 7 7
2 14 0 1 0 0 0 3000 2 12 12 7
2 15 0 1 0 0 0 3000 3 8 8 12
2 16 0 1 0 0 0 3000 3 3 3 8
2 17 1 1 1 0 0 362 1 8 8 3
2 18 0 1 0 0 0 3000 2 4 4 8
2 19 0 1 0 0 0 3000 3 10 10 4
2 20 0 1 0 0 0 3000 3 12 12 10
2 21 1 1 1 0 0 487 1 10 10 12
2 22 0 1 0 0 0 3000 3 7 7 10
2 23 0 1 0 0 0 3000 3 5 5 7
2 24 1 0 0 1 0 3000 1 7 7 5
2 25 1 1 1 0 0 605 1 5 5 7
2 26 1 0 0 1 0 3000 1 7 7 5
2 27 0 1 0 0 0 3000 3 15 15 7
2 28 0 1 0 0 0 3000 3 4 4 15
2 29 1 1 1 0 0 348 1 15 15 4
2 30 0 1 0 0 0 3000 3 14 14 15
2 31 0 1 0 0 0 3000 3 3 3 14
2 32 0 1 0 0 0 3000 2 13 13 3
2 33 1 1 1 0 0 475 1 3 3 13
2 34 1 0 0 1 0 3000 1 13 13 3
2 35 0 1 0 0 0 3000 3 9 9 13
2 36 1 0 0 1 0 3000 1 13 13 9
2 37 0 1 0 0 0 3000 2 14 14 13
2 38 0 1 0 0 0 3000 2 10 10 14
2 39 0 1 0 0 0 3000 2 4 4 10
2 40 1 0 0 1 0 3000 1 10 10 4
2 41 0 1 0 0 0 3000 2 6 6 10
2 42 0 1 0 0 0 3000 3 6 6 6
2 43 0 1 0 0 0 3000 2 4 4 6
2 44 0 1 0 0 0 3000 2 1 1 4
2 45 1 1 1 0 0 357 1 4 4 1
2 46 0 1 0 0 0 3000 3 9 9 4
2 47 0 1 0 0 0 3000 3 8 8 9
2 48 0 1 0 0 0 3000 3 11 11 8
2 49 0 1 0 0 0 3000 2 15 15 11
2 50 0 1 0 0 0 3000 3 1 1 15
2 51 0 1 0 0 0 3000 2 2 2 1
2 52 1 0 0 1 0 3000 1 1 1 2
2 53 0 1 0 0 0 3000 3 7 7 1
2 54 0 1 0 0 0 3000 2 9 9 7
2 55 0 1 0 0 0 3000 2 13 13 9
2 56 0 1 0 0 0 3000 2 1 1 13
2 57 0 1 0 0 0 3000 3 10 10 1
2 58 0 1 0 0 0 3000 3 15 15 10
2 59 0 1 0 0 0 3000 2 9 9 15
2 60 0 1 0 0 0 3000 2 7 7 9
2 61 0 1 0 0 0 3000 2 2 2 7
2 62 0 1 0 0 0 3000 3 11 11 2
2 63 0 1 0 0 0 3000 3 11 11 11
2 64 0 1 0 0 0 3000 2 1 1 11
2 65 1 1 1 0 0 320 1 11 11 1
2 66 0 1 0 0 0 3000 2 9 9 11
2 67 0 1 0 0 0 3000 3 4 4 9
2 68 0 1 0 0 0 3000 2 1 1 4
2 69 0 1 0 0 0 3000 2 1 1 1
2 70 0 1 0 0 0 3000 3 7 7 1
2 71 0 1 0 0 0 3000 2 4 4 7
2 72 0 1 0 0 0 3000 3 6 6 4
2 73 0 1 0 0 0 3000 2 1 1 6
2 74 0 1 0 0 0 3000 2 12 12 1
2 75 0 1 0 0 0 3000 2 8 8 12
