ii                                    mean         std        2.5q        25q         50q        75q      97.5q       mc_err
a(DDA.hoarding)                    1.55969   0.0806202     1.40144    1.50367     1.56042    1.61393    1.71693   0.00149493
a(DDA.neutral)                     1.54691   0.0772768     1.39471    1.49545     1.54662    1.59808    1.70175   0.00119396
a(HC.hoarding)                     1.34903   0.0439931     1.26529    1.31954     1.34752    1.37785    1.44022  0.000966419
a(HC.neutral)                       1.2081   0.0436007     1.12221    1.17921      1.2079    1.23762    1.29454  0.000820936
a_std                               0.2819   0.0218432    0.242644   0.266973    0.280866   0.295678   0.327709  0.000571194
a_subj(DDA.hoarding).1             1.90313    0.109013     1.67348    1.83583     1.90391    1.97236    2.11527   0.00474948
a_subj(DDA.hoarding).2               1.076   0.0739197    0.948013    1.02388     1.07161    1.12329    1.23121   0.00239132
a_subj(DDA.hoarding).3             1.72566   0.0640915     1.60778    1.68075     1.72397    1.76658    1.86022   0.00122761
a_subj(DDA.hoarding).4             1.54779   0.0766669     1.40886    1.49349     1.54423    1.59752    1.70751    0.0018149
a_subj(DDA.hoarding).5             1.27267   0.0484251     1.18127    1.23966     1.27213    1.30407    1.36946   0.00114826
a_subj(DDA.hoarding).6             1.79243   0.0772084      1.6463    1.74048     1.79155    1.84339    1.94739   0.00150512
a_subj(DDA.hoarding).7             1.47944    0.057364     1.37316    1.44028     1.47792    1.51813    1.59494   0.00124519
a_subj(DDA.hoarding).8             1.32011   0.0535903     1.21763    1.28319     1.31874    1.35361    1.43087   0.00118414
a_subj(DDA.hoarding).9             1.98162   0.0796422     1.82683    1.92745      1.9808    2.03594    2.14272   0.00166194
a_subj(DDA.hoarding).10            1.55226   0.0571751     1.44283    1.51326     1.55269    1.59053    1.66877   0.00126084
a_subj(DDA.hoarding).11            1.39737   0.0758025     1.25783    1.34588     1.39239    1.44532    1.55993   0.00228914
a_subj(DDA.hoarding).12            1.77028   0.0668299     1.64642    1.72403     1.76762    1.81417    1.90666   0.00138295
a_subj(DDA.hoarding).13            1.46665   0.0628072     1.34675    1.42283     1.46626    1.50906    1.59327   0.00162167
a_subj(DDA.neutral).1              1.61968    0.082016     1.47362    1.56356     1.61509    1.67262    1.79789    0.0022388
a_subj(DDA.neutral).2              1.17479   0.0561396     1.06869    1.13718     1.17336    1.21178    1.29037   0.00135773
a_subj(DDA.neutral).3              1.66699   0.0618862     1.54615    1.62534     1.66575    1.70724    1.79497   0.00134866
a_subj(DDA.neutral).4              1.87823   0.0806912     1.72618     1.8235     1.87609    1.92998    2.04854   0.00168726
a_subj(DDA.neutral).5              1.59735   0.0613683     1.48393    1.55485     1.59558    1.63929     1.7206   0.00156686
a_subj(DDA.neutral).6              1.60546   0.0615349     1.48873     1.5643     1.60344    1.64617    1.73516   0.00141114
a_subj(DDA.neutral).7               1.7255   0.0947136     1.55113    1.65912     1.72372    1.78632    1.91862   0.00268477
a_subj(DDA.neutral).8              1.24344   0.0515294     1.14517    1.20844     1.24278    1.27716    1.34836   0.00111709
a_subj(DDA.neutral).9              1.48705   0.0621646     1.37342    1.44422     1.48595    1.52657    1.61746   0.00144883
a_subj(DDA.neutral).10              1.8085    0.069257     1.68045    1.76129     1.80679    1.85328    1.95108   0.00134415
a_subj(DDA.neutral).11             1.21889   0.0725285     1.08954    1.16895     1.21474    1.26431    1.37925   0.00241294
a_subj(DDA.neutral).12             1.79731   0.0706161     1.65986    1.74971     1.79745    1.84384    1.94113   0.00156954
a_subj(DDA.neutral).13             1.26042   0.0529935      1.1589    1.22397     1.25871    1.29552    1.36677   0.00133499
a_subj(HC.hoarding).14             1.49758   0.0606435      1.3854    1.45572     1.49507     1.5356    1.62113   0.00130332
a_subj(HC.hoarding).15             1.80688    0.109428     1.60619    1.73072     1.80172    1.87972    2.04194   0.00317023
a_subj(HC.hoarding).16             1.07962   0.0405197     1.00382    1.05185     1.07856    1.10665    1.16041  0.000999028
a_subj(HC.hoarding).17             1.44957   0.0556238     1.34689    1.41156     1.44847    1.48628    1.55973   0.00109563
a_subj(HC.hoarding).18             1.62362   0.0716649     1.49308    1.57386     1.62036    1.67096    1.76919   0.00166108
a_subj(HC.hoarding).19              1.1803   0.0470115     1.09296    1.14766     1.17959    1.21168    1.27414  0.000828366
a_subj(HC.hoarding).20              1.0683   0.0654328    0.943422    1.02454      1.0671    1.10915    1.20257   0.00252897
a_subj(HC.hoarding).21            0.974963   0.0476331    0.884947   0.942985      0.9734    1.00678    1.07135   0.00131876
a_subj(HC.hoarding).22             1.39787   0.0752621     1.26413    1.34579     1.39264    1.44487    1.56469   0.00223262
a_subj(HC.hoarding).23             1.26457    0.067257     1.14279    1.21786      1.2611    1.30614    1.40954   0.00209791
a_subj(HC.hoarding).24             1.71645   0.0737103      1.5766    1.66714     1.71514    1.76257    1.86778   0.00179882
a_subj(HC.hoarding).25             1.83647   0.0710889     1.70214     1.7865     1.83406    1.88295    1.98284   0.00169604
a_subj(HC.hoarding).26             1.06029   0.0423175     0.97924    1.03099     1.05962    1.08905    1.14573   0.00109055
a_subj(HC.hoarding).27             1.71181    0.205685      1.3654    1.56357     1.68981    1.83888    2.17702    0.0134473
a_subj(HC.hoarding).28            0.891008   0.0363615    0.824059   0.865963    0.889636   0.914879   0.969068  0.000925883
a_subj(HC.hoarding).29             1.49106   0.0565157      1.3833    1.45125     1.49045    1.52948    1.60322    0.0012359
a_subj(HC.hoarding).30             1.13336   0.0480808     1.03796     1.1012     1.13251     1.1654    1.22683    0.0010715
a_subj(HC.hoarding).31             1.02598   0.0438844    0.942128   0.996057     1.02487    1.05509    1.11411  0.000983227
a_subj(HC.hoarding).32             1.52293   0.0647015     1.39796    1.47922     1.52061    1.56585    1.65371   0.00143615
a_subj(HC.hoarding).33             1.07176    0.048288    0.982577    1.03884     1.07112    1.10202    1.16971    0.0010048
a_subj(HC.hoarding).34             1.35614    0.058101     1.24022    1.31668     1.35659    1.39553    1.47276   0.00132324
a_subj(HC.hoarding).35             1.06172   0.0500712      0.9724      1.027     1.05875    1.09371    1.16764   0.00118915
a_subj(HC.hoarding).36             1.85438   0.0837284     1.69582    1.79678     1.85321    1.91235    2.01337   0.00222591
a_subj(HC.hoarding).37             1.60175   0.0705728     1.47431    1.55099     1.59891    1.64787     1.7456   0.00161704
a_subj(HC.hoarding).38             1.10964   0.0477275     1.02102    1.07736     1.10824    1.14004    1.20911   0.00112007
a_subj(HC.hoarding).39             1.49399   0.0691221     1.36323    1.44769     1.49079      1.537     1.6342   0.00160354
a_subj(HC.hoarding).40             1.18571     0.06093     1.07254    1.14391     1.18333    1.22671    1.31187    0.0016994
a_subj(HC.hoarding).41             1.47086   0.0677599     1.34429    1.42299     1.46882    1.51783    1.60839   0.00167799
a_subj(HC.hoarding).42             1.43554   0.0711939     1.29767    1.38765     1.43562    1.48347    1.57451   0.00193318
a_subj(HC.hoarding).43             1.62451   0.0669655     1.49903     1.5786      1.6236    1.66798    1.76321   0.00160604
a_subj(HC.hoarding).44             1.59522   0.0649439     1.47384    1.55063     1.59233    1.63718    1.73227   0.00144765
a_subj(HC.hoarding).45             1.62639    0.169326     1.35502    1.50796     1.60559    1.72194    2.01594   0.00918311
a_subj(HC.hoarding).46             1.05265   0.0757393    0.902304   0.990837     1.06909    1.10851     1.1778   0.00571822
a_subj(HC.hoarding).47             1.33205   0.0528289     1.23408    1.29547     1.32997    1.36706    1.44041   0.00139251
a_subj(HC.hoarding).48             1.44784   0.0569938      1.3391    1.40835     1.44695     1.4865    1.56218   0.00110808
a_subj(HC.hoarding).49             1.49462   0.0600107     1.38047    1.45335     1.49368    1.53513    1.61416   0.00151672
a_subj(HC.hoarding).50             1.15405   0.0604095     1.04051    1.11266     1.15014    1.19299    1.28457   0.00167048
a_subj(HC.hoarding).51             1.01836   0.0655094    0.898943   0.971482     1.01444    1.06343    1.15522   0.00237414
a_subj(HC.hoarding).52            0.852039   0.0388086    0.778092   0.825714    0.850036     0.8765   0.932599   0.00086281
a_subj(HC.hoarding).53              1.3128   0.0572155     1.20746     1.2733      1.3111    1.34954    1.42856   0.00128414
a_subj(HC.hoarding).54              1.8127   0.0694203     1.68318    1.76602     1.81107      1.859    1.95201   0.00148721
a_subj(HC.hoarding).55            0.922138   0.0621262    0.825034   0.880089      0.9139   0.952114    1.08251   0.00313967
a_subj(HC.hoarding).56             1.65418   0.0795618     1.50637     1.5995       1.651    1.70555    1.81793   0.00199958
a_subj(HC.neutral).14              1.61495    0.064261     1.49102    1.57048      1.6137    1.65685    1.74589   0.00123715
a_subj(HC.neutral).15              1.46109   0.0759907     1.31727    1.40934     1.45861    1.51007    1.61548    0.0020217
a_subj(HC.neutral).16              1.23823   0.0522864     1.14256    1.20287     1.23568    1.27207    1.34493   0.00116469
a_subj(HC.neutral).17               1.2869   0.0496698     1.19278    1.25173      1.2857    1.32017    1.38854   0.00100805
a_subj(HC.neutral).18              1.40885   0.0701278     1.27984    1.35845      1.4069    1.45795    1.54435   0.00223084
a_subj(HC.neutral).19              1.30586   0.0579288     1.19656    1.26578     1.30392    1.34318    1.42757   0.00140048
a_subj(HC.neutral).20              1.25511    0.077545     1.11735    1.20032     1.25203    1.30573    1.41907   0.00270175
a_subj(HC.neutral).21              1.17094   0.0545827     1.07178    1.13432     1.16834    1.20734    1.27928   0.00130487
a_subj(HC.neutral).23              1.34012   0.0612756     1.22536    1.29903     1.33713    1.37829    1.46989   0.00127537
a_subj(HC.neutral).24              1.90614   0.0762911     1.76224    1.85255     1.90465    1.95767     2.0583   0.00158892
a_subj(HC.neutral).25              1.53105   0.0627012     1.41381    1.48853     1.52834     1.5705    1.66155   0.00155412
a_subj(HC.neutral).26               1.0431   0.0527065    0.945908    1.00747     1.04064    1.07706    1.15282   0.00129387
a_subj(HC.neutral).27             0.997491   0.0398596    0.922528   0.969755    0.996834    1.02313    1.07835  0.000858874
a_subj(HC.neutral).28             0.997712    0.051567    0.903265   0.961841    0.995327    1.03152    1.10709   0.00143151
a_subj(HC.neutral).29              1.27323   0.0538555     1.16843    1.23599      1.2729    1.30884     1.3817   0.00122699
a_subj(HC.neutral).30              1.08615   0.0437744     1.00503    1.05585      1.0842    1.11542    1.17727  0.000858757
a_subj(HC.neutral).32              1.01729   0.0493279    0.924479   0.984067     1.01598    1.05011    1.11652   0.00125519
a_subj(HC.neutral).35              1.11616   0.0495684     1.02351    1.08175     1.11434    1.14799    1.21905   0.00115243
a_subj(HC.neutral).36             0.984404   0.0410996    0.908293   0.956946    0.982534     1.0105    1.06723   0.00090677
a_subj(HC.neutral).37              1.55237   0.0702722     1.42357    1.50331     1.55025    1.59815    1.69757   0.00189214
a_subj(HC.neutral).38              1.01214   0.0493716    0.921612   0.978034     1.01047    1.04475    1.10993   0.00141728
a_subj(HC.neutral).40             0.938957   0.0304644    0.881119   0.918278    0.938092   0.958413    1.00089  0.000690869
a_subj(HC.neutral).43              1.72147   0.0896763     1.56078    1.65691     1.71688    1.78173    1.90932   0.00204274
a_subj(HC.neutral).44               0.9741   0.0456713    0.882643   0.943687    0.973822    1.00433    1.06358   0.00108317
a_subj(HC.neutral).45              0.97277     0.03836    0.900776   0.946538    0.972259   0.998062    1.04978  0.000787455
a_subj(HC.neutral).47             0.860775   0.0362356    0.793256   0.836472    0.858966    0.88341    0.93613   0.00100251
a_subj(HC.neutral).48              1.29841    0.048525     1.20925    1.26427     1.29656    1.32931    1.39789   0.00106488
a_subj(HC.neutral).50              1.00662   0.0491842    0.912962   0.973084     1.00592    1.03911    1.10441   0.00137434
a_subj(HC.neutral).52             0.871116   0.0383113    0.798624   0.844946    0.871167   0.896158   0.946854  0.000844806
a_subj(HC.neutral).53             0.947227    0.103901    0.793265   0.860361    0.927441    1.03582    1.14396   0.00897295
a_subj(HC.neutral).56               1.0019   0.0525038     0.90407   0.964784    0.999713    1.03704    1.10899   0.00168973
a_subj(HC.neutral).57              1.13864   0.0602295     1.02577     1.0991     1.13694    1.17731    1.26132   0.00171457
a_subj(HC.neutral).58              1.30756   0.0561725     1.20269    1.26897     1.30528    1.34457      1.421   0.00118705
a_subj(HC.neutral).59              1.05371   0.0413649    0.977722     1.0243     1.05271    1.08123    1.13883  0.000914544
a_subj(HC.neutral).60              1.58666    0.075526     1.44541    1.53561     1.58479     1.6368    1.73772   0.00205889
a_subj(HC.neutral).61               1.5856    0.058848     1.47357    1.54536      1.5839    1.62485    1.70722   0.00122314
a_subj(HC.neutral).62             0.836013   0.0374921    0.766369   0.810554    0.834637   0.860426   0.912026  0.000879571
a_subj(HC.neutral).63             0.948334   0.0458064    0.864561   0.916526    0.946476   0.977695    1.04494   0.00117748
a_subj(HC.neutral).64              1.53038   0.0586184     1.41895    1.49101     1.52897    1.56862    1.65038   0.00132841
a_subj(HC.neutral).65              1.15701   0.0498902     1.06459    1.12162     1.15498    1.18982    1.26037   0.00111715
a_subj(HC.neutral).66             0.991159   0.0664266    0.873467    0.94328    0.985103    1.03414    1.13134   0.00369134
a_subj(HC.neutral).67              1.06674   0.0488891    0.975902    1.03278     1.06477    1.09791    1.16988    0.0011134
v(DDA.hoarding)                    2.80652    0.900724     1.08934    2.19211     2.79393    3.39478    4.65143    0.0359137
v(DDA.neutral)                     3.31526    0.813756     1.71612    2.77223      3.2979    3.87113    4.95609    0.0198881
v(HC.hoarding)                     1.68288    0.437873    0.827917    1.38457     1.69018    1.97689    2.53418     0.010105
v(HC.neutral)                      1.98448    0.442365     1.10039    1.69273     1.98953    2.28548    2.82003   0.00921056
v_std                              2.74252    0.228552     2.34054    2.58256     2.72485    2.88157    3.23645   0.00704121
v_subj(DDA.hoarding).1             1.98406    0.270547     1.52968    1.79596     1.96033    2.14303    2.58677   0.00938182
v_subj(DDA.hoarding).2             9.01024    0.791764     7.47371    8.47158     9.00322    9.53538    10.5838     0.023547
v_subj(DDA.hoarding).3             3.23338     2.84674   -0.592122   0.595666     3.14665     5.3316    9.01636     0.170473
v_subj(DDA.hoarding).4             2.37879    0.246491     1.90926    2.20638     2.37466    2.54818    2.87279   0.00438852
v_subj(DDA.hoarding).5             2.49276     2.35136   -0.817742   0.596999     2.11438    3.96682    7.85269     0.069192
v_subj(DDA.hoarding).6             2.54807    0.808929     1.51234    2.00143     2.38168    2.89039    4.62929    0.0476612
v_subj(DDA.hoarding).7            -1.19935     1.45327     -3.5221   -1.94943    -1.22018  -0.684058    2.87354    0.0652155
v_subj(DDA.hoarding).8             2.16943     1.28233     0.50422    1.20182     1.94038    2.85776    5.33503     0.059469
v_subj(DDA.hoarding).9             1.01841    0.938026    0.322762   0.515518    0.657201    1.01659    3.91613    0.0611328
v_subj(DDA.hoarding).10          -0.253521     1.62748    -3.03757   -1.20351   -0.303601   0.305076    3.73697    0.0486761
v_subj(DDA.hoarding).11            7.87905     1.55184     5.19145    6.79916     7.73626    8.81876    11.3435    0.0717675
v_subj(DDA.hoarding).12            2.16065     2.31353 -0.00230192   0.423551    0.969687    3.66451    7.79744     0.120219
v_subj(DDA.hoarding).13            3.46462     1.75751   -0.720468    2.81159     3.52269     4.2827    6.72059     0.110212
v_subj(DDA.neutral).1              2.80869    0.334203     2.20353    2.56759     2.79658    3.03637    3.50004   0.00967568
v_subj(DDA.neutral).2               3.8407    0.793998     2.63898    3.30301     3.72805    4.22728    5.77203    0.0324114
v_subj(DDA.neutral).3              1.20933       1.911    -1.66317 -0.0170834     0.78818    2.11142    5.95636    0.0560175
v_subj(DDA.neutral).4              1.14259    0.155442    0.854666    1.03458     1.14061    1.24737    1.44922    0.0027084
v_subj(DDA.neutral).5               2.4715     1.53821    0.624838    1.29563     2.02273    3.35652     6.2513    0.0792261
v_subj(DDA.neutral).6              1.35928     0.59613    0.416986   0.978635     1.30261    1.66542    2.65442    0.0137575
v_subj(DDA.neutral).7               6.0007    0.683952     4.75494    5.52465     5.97121    6.45983     7.4206    0.0170325
v_subj(DDA.neutral).8                12.06      1.7889     8.59251    10.8618     11.9966    13.2438    15.7132    0.0380456
v_subj(DDA.neutral).9              2.07535    0.687476     1.12884    1.60995     1.94052    2.38821    3.89155    0.0304643
v_subj(DDA.neutral).10             1.38155      1.5688    -0.25277   0.418691    0.807568     1.8271    5.84333    0.0634372
v_subj(DDA.neutral).11             5.98679     0.73942     4.55998    5.45591     5.99794    6.48996    7.43471    0.0244388
v_subj(DDA.neutral).12            0.649974     1.13015    -1.09752   0.285861    0.427618   0.647379    3.74212    0.0321235
v_subj(DDA.neutral).13              3.2691     1.69258    0.502411    2.12833     3.12604    4.22847     7.1806    0.0595593
v_subj(HC.hoarding).14            0.923603    0.228046    0.551886   0.769048    0.902475    1.04887    1.43495   0.00596159
v_subj(HC.hoarding).15             2.83915    0.310954     2.28217    2.62747      2.8185    3.02334    3.49811   0.00942341
v_subj(HC.hoarding).16             0.44932     1.73026    -2.38201  -0.526936   0.0565964    1.18473    4.70467    0.0511164
v_subj(HC.hoarding).17              1.0936    0.671213    0.130999   0.587826      1.0007    1.52161    2.49938    0.0241454
v_subj(HC.hoarding).18             4.60486     1.02406     2.39364    4.01219     4.66381    5.27056    6.45881    0.0465911
v_subj(HC.hoarding).19             1.33441    0.748209    0.625392   0.915876     1.10957    1.42302    3.68761    0.0385189
v_subj(HC.hoarding).20             8.45263     1.00488     6.56887    7.76846     8.42367    9.14195    10.4557    0.0243572
v_subj(HC.hoarding).21             3.39507    0.614603      2.4161    2.95202     3.31069    3.76568    4.79025    0.0217107
v_subj(HC.hoarding).22             4.11704    0.594108     3.04271    3.71003     4.08234    4.48799    5.39878    0.0229548
v_subj(HC.hoarding).23             2.06118    0.251543     1.56898    1.89708     2.05507     2.2291    2.57905   0.00494472
v_subj(HC.hoarding).24             1.11911    0.204329    0.766918   0.983493     1.09905    1.23857    1.57912   0.00534624
v_subj(HC.hoarding).25             1.40636    0.762821    0.460685    0.74499     1.23454    1.93476    3.08775    0.0460925
v_subj(HC.hoarding).26             1.60332     2.06309    -1.19993   0.110861    0.868497     2.9592    6.57763    0.0783158
v_subj(HC.hoarding).27            -10.1568    0.929884     -12.132    -10.724    -10.1112   -9.52279   -8.42114    0.0502272
v_subj(HC.hoarding).28             1.69074    0.474339    0.957145    1.37754     1.61637    1.91949     2.8739    0.0133313
v_subj(HC.hoarding).29             1.66496      1.4022    0.416668   0.662342    0.845524    2.73354    4.94868     0.111849
v_subj(HC.hoarding).30             1.58763    0.290473     1.07222    1.39965     1.56636    1.75321    2.21932   0.00706765
v_subj(HC.hoarding).31            0.820638     1.32396   -0.998165   0.018835    0.463547    1.31463    4.32861    0.0334108
v_subj(HC.hoarding).32             1.54743       0.676    0.721489    1.08452     1.37307    1.82516    3.34563     0.031168
v_subj(HC.hoarding).33             2.45352    0.306197     1.86968     2.2483      2.4464    2.64743    3.09618   0.00672309
v_subj(HC.hoarding).34             1.55945    0.433807    0.813077    1.25254     1.52566    1.83209    2.51356    0.0121912
v_subj(HC.hoarding).35             2.57954    0.758227     1.31445    1.98953     2.55264    3.08366    4.14584    0.0335352
v_subj(HC.hoarding).36             2.63984     1.61925    0.697424    1.34079     2.31363    3.52826    6.68919     0.113229
v_subj(HC.hoarding).37             1.39716    0.207889     1.02397    1.25801     1.38482    1.52889    1.79876   0.00482564
v_subj(HC.hoarding).38           -0.740272    0.383295    -1.39385  -0.887839   -0.727629  -0.564674  -0.222867   0.00729619
v_subj(HC.hoarding).39             1.37978    0.195281      1.0077    1.24343     1.37317    1.51292    1.77355   0.00309422
v_subj(HC.hoarding).40             3.99845    0.470795     3.17123     3.6702     3.95746    4.28404    5.01695    0.0130836
v_subj(HC.hoarding).41             1.90837    0.206228     1.51734    1.76428     1.90047    2.05116    2.32398   0.00325197
v_subj(HC.hoarding).42             2.55582    0.367341     1.97591    2.29543     2.50688    2.75542    3.42891    0.0132968
v_subj(HC.hoarding).43             1.68652     1.04761    0.639849   0.978409     1.30826    2.10107    4.59986    0.0622182
v_subj(HC.hoarding).44            0.739424      1.5919    -1.30835  -0.229022    0.207516    1.39769    4.80578    0.0387783
v_subj(HC.hoarding).45            -6.82216    0.668804    -8.22846     -7.235     -6.7813   -6.36264   -5.61872    0.0234419
v_subj(HC.hoarding).46             3.61893     1.10189     1.81857    2.83656      3.4974    4.27488    6.10288    0.0472496
v_subj(HC.hoarding).47            0.320664     1.06288    -1.82844  -0.085958     0.25607   0.678431    2.91908    0.0225339
v_subj(HC.hoarding).48             1.24895    0.811996    0.461248   0.730739     0.98086    1.55206    3.31602    0.0503001
v_subj(HC.hoarding).49            -0.37391     2.02936    -3.27073   -1.88439   -0.589306   0.376793    4.73935     0.126424
v_subj(HC.hoarding).50             3.45142    0.320783     2.85302    3.22771      3.4416    3.66181    4.09222   0.00694658
v_subj(HC.hoarding).51             6.39712    0.724707     5.12962    5.89805     6.34358    6.84275    7.98303    0.0254961
v_subj(HC.hoarding).52             2.31861     0.67657     1.37607    1.88012     2.21108    2.62112    3.93008    0.0267396
v_subj(HC.hoarding).53             2.06395    0.248965     1.59541    1.90062     2.05745    2.22574    2.56382   0.00537629
v_subj(HC.hoarding).54            0.764744    0.363514    0.407872   0.584673    0.693279   0.845069    1.58762    0.0155819
v_subj(HC.hoarding).55             3.99023     1.00448      2.3776    3.28775      3.9094    4.53372    6.37194    0.0353838
v_subj(HC.hoarding).56             2.20279    0.247811     1.73294    2.03322      2.1943    2.36406    2.70366   0.00475262
v_subj(HC.neutral).14              1.08566    0.546677    0.421884   0.699419    0.948081    1.32999    2.49828    0.0236406
v_subj(HC.neutral).15              2.30999    0.244466       1.842    2.14437     2.30301     2.4617    2.82277   0.00514986
v_subj(HC.neutral).16              0.91826    0.671249    0.276559   0.560688    0.720587   0.957356    3.03833    0.0257414
v_subj(HC.neutral).17              1.34157     1.12572    0.317425   0.612421    0.855027    1.73845    4.45589    0.0656564
v_subj(HC.neutral).18              2.04297    0.799989    0.862529     1.4778     1.90163    2.48587    4.01249     0.033482
v_subj(HC.neutral).19              2.24557     0.56507     1.49028    1.87927     2.13935    2.46682    3.67625    0.0227853
v_subj(HC.neutral).20              5.28703    0.961582     3.53088    4.63581     5.24242    5.92765    7.29412    0.0387767
v_subj(HC.neutral).21              2.59463    0.301997     2.02474    2.38124     2.58884    2.79392    3.20289   0.00525632
v_subj(HC.neutral).23              1.76866     0.23683     1.32599    1.60539     1.76204    1.91904    2.25978   0.00444571
v_subj(HC.neutral).24              0.50298    0.387698    0.164724   0.344594    0.447282   0.564223    1.42122    0.0131726
v_subj(HC.neutral).25             -0.35261    0.901784    -2.29052   -0.69979   -0.277423 -0.0485944    1.77854    0.0199971
v_subj(HC.neutral).26              4.25505     0.41241     3.47222    3.97485     4.23523    4.52426    5.10808    0.0104511
v_subj(HC.neutral).27             0.947495     1.91829    -2.12845  -0.180461    0.335752    1.94503     5.6585    0.0646494
v_subj(HC.neutral).28              4.83096     1.16507     3.07608    4.02367     4.65164    5.43562    7.68586    0.0478501
v_subj(HC.neutral).29             -1.73044    0.285074    -2.37696   -1.90091    -1.69632    -1.5322   -1.25424   0.00735255
v_subj(HC.neutral).30              1.13226    0.608283    0.541799     0.8587     1.03879    1.23527    2.65647    0.0278637
v_subj(HC.neutral).32              3.14806    0.568378     2.22114    2.75234     3.09552    3.47039    4.43277    0.0164396
v_subj(HC.neutral).35              2.69281    0.296182     2.13013    2.49646     2.68691    2.88891    3.29308    0.0058714
v_subj(HC.neutral).36             -1.41094    0.800121    -3.74305   -1.54876    -1.20283   -0.95815  -0.616516    0.0346844
v_subj(HC.neutral).37              1.69942    0.267694     1.19036    1.51718     1.69401    1.87317    2.25114   0.00478758
v_subj(HC.neutral).38             -1.37526     1.20988    -4.34738   -1.97458    -1.03712  -0.527328  0.0745646    0.0379195
v_subj(HC.neutral).40              5.49624    0.613366     4.34213    5.08766     5.46617     5.8998    6.75842     0.021801
v_subj(HC.neutral).43              2.52887    0.251627     2.03834    2.35549     2.52645    2.69909    3.02295   0.00515622
v_subj(HC.neutral).44              3.28893      0.3975     2.57812    3.02341     3.26124    3.53015    4.15914   0.00927525
v_subj(HC.neutral).45            -0.202592      1.2211    -1.70662  -0.670948   -0.461545  -0.209607    3.61185    0.0520952
v_subj(HC.neutral).47              0.85844     1.60902    -1.36804  -0.130882    0.338194    1.49056     5.2856     0.047787
v_subj(HC.neutral).48              1.60018     1.23536     0.30356   0.661293     1.17755    2.28689    4.74923     0.056317
v_subj(HC.neutral).50              2.98615    0.338908       2.334    2.74759      2.9894    3.21269     3.6477   0.00585017
v_subj(HC.neutral).52              3.88739    0.623784     2.67763    3.47621     3.88272    4.29272    5.11095    0.0163392
v_subj(HC.neutral).53              3.13157    0.676117     1.95442      2.599     3.16977    3.59438     4.3805    0.0503575
v_subj(HC.neutral).56              3.30586    0.399855     2.62249    3.03926     3.27063    3.52077     4.2138    0.0141827
v_subj(HC.neutral).57              4.25249    0.676877     3.05394    3.75154     4.22019    4.69557    5.67116    0.0299967
v_subj(HC.neutral).58             0.136769    0.758703    -1.07463  -0.180784   0.0655955   0.346977    1.76086    0.0149904
v_subj(HC.neutral).59              1.50404    0.543413    0.760733    1.14665     1.40311    1.74007    2.86788    0.0197863
v_subj(HC.neutral).60              2.23245    0.295735     1.72476    2.03241     2.20652    2.40499    2.86919   0.00778457
v_subj(HC.neutral).61              2.09364     1.97344   -0.298257   0.462463     1.75451    3.15663    6.99589    0.0770783
v_subj(HC.neutral).62              3.74855    0.630638     2.65225    3.31556     3.69861     4.1225    5.13673    0.0187903
v_subj(HC.neutral).63              3.40273    0.817897     2.30042    2.83048      3.2194     3.8013    5.52075    0.0445315
v_subj(HC.neutral).64            -0.143098      1.3404    -3.48566    -0.5442  0.00261661   0.290637    2.73028    0.0424444
v_subj(HC.neutral).65             -1.69378      0.2408    -2.17473   -1.85358    -1.69026   -1.52887   -1.23689   0.00431943
v_subj(HC.neutral).66              3.45177    0.461097     2.64107    3.13568      3.4103    3.72952    4.51211     0.014977
v_subj(HC.neutral).67              3.18127    0.937561     1.82391    2.46352     3.01095    3.79598    5.31233    0.0427852
t(DDA.hoarding)                   0.306376   0.0225331    0.261348   0.291175    0.306356   0.321406   0.350727  0.000358369
t(DDA.neutral)                    0.297035    0.023002    0.251149   0.281564    0.297176   0.312739   0.340663  0.000376691
t(HC.hoarding)                    0.242719   0.0121783     0.21892   0.234333    0.242672   0.250727   0.267394  0.000226242
t(HC.neutral)                     0.234188   0.0124717    0.209994   0.225782    0.234054   0.242368   0.259722  0.000243616
t_std                            0.0850162  0.00673406    0.073292  0.0804311   0.0845064  0.0892215    0.09969  0.000142873
t_subj(DDA.hoarding).1            0.452378   0.0372009     0.38848   0.434413    0.447544   0.459955   0.554176   0.00218641
t_subj(DDA.hoarding).2            0.246527   0.0047832    0.235159   0.243812    0.247058   0.249808   0.254494  0.000140118
t_subj(DDA.hoarding).3            0.389778   0.0160303     0.35546   0.380285    0.390672   0.400062   0.418855  0.000309586
t_subj(DDA.hoarding).4             0.31152   0.0109417    0.287662   0.304544    0.312251   0.319294   0.330114  0.000241424
t_subj(DDA.hoarding).5            0.198255  0.00915108     0.17904   0.192792    0.199019   0.204458   0.213667  0.000223983
t_subj(DDA.hoarding).6            0.306621    0.014645    0.277155   0.297361     0.30725   0.315601   0.332276  0.000303185
t_subj(DDA.hoarding).7            0.294488    0.013968    0.267367    0.28551    0.294174   0.303164   0.322528  0.000271507
t_subj(DDA.hoarding).8            0.305726   0.0104616    0.283238   0.299517    0.306032   0.312132   0.327292  0.000232854
t_subj(DDA.hoarding).9            0.247457   0.0329158    0.186742   0.224021    0.246844   0.269975   0.312054  0.000668541
t_subj(DDA.hoarding).10           0.249921   0.0136488     0.22079   0.241377    0.250826   0.259068   0.274808  0.000299645
t_subj(DDA.hoarding).11           0.279992  0.00856454    0.262024   0.274577    0.280788   0.285949   0.295105  0.000246896
t_subj(DDA.hoarding).12           0.375097   0.0165933    0.339494   0.365043    0.376208   0.386335   0.404068  0.000355693
t_subj(DDA.hoarding).13           0.239101   0.0177531     0.20599   0.225781    0.238531   0.253805   0.269921  0.000486929
t_subj(DDA.neutral).1             0.291464   0.0102181    0.269053   0.285033    0.292182   0.298537   0.308967  0.000272103
t_subj(DDA.neutral).2             0.281923  0.00657001    0.267889   0.277771    0.282322   0.286539   0.293144  0.000151362
t_subj(DDA.neutral).3             0.356127   0.0175119    0.323127   0.345252    0.355367   0.365927   0.397414   0.00036157
t_subj(DDA.neutral).4             0.401623   0.0221337    0.346632   0.391151     0.40495   0.416151   0.436983   0.00048594
t_subj(DDA.neutral).5             0.186701   0.0140208    0.156427   0.177964    0.187686   0.196529   0.211887  0.000345122
t_subj(DDA.neutral).6             0.248232   0.0138027    0.219462   0.239498    0.249153   0.257785   0.272695  0.000279336
t_subj(DDA.neutral).7             0.656881   0.0152743    0.625053   0.647276    0.657731   0.667292    0.68535   0.00040693
t_subj(DDA.neutral).8             0.281069    0.007608    0.264369   0.276519    0.281534   0.286369   0.294414  0.000169331
t_subj(DDA.neutral).9             0.188748   0.0115496    0.165046     0.1813    0.189065   0.196478   0.211051  0.000238722
t_subj(DDA.neutral).10            0.249148   0.0181376    0.211894   0.237548    0.249491   0.261543   0.283366  0.000362557
t_subj(DDA.neutral).11            0.286122   0.0079902    0.268003   0.282165      0.2866   0.290755   0.301086  0.000243124
t_subj(DDA.neutral).12            0.507057   0.0202194     0.46715   0.495445    0.507554    0.51889   0.548574  0.000417859
t_subj(DDA.neutral).13            0.199392   0.0132837    0.172283   0.190934    0.201067   0.207678   0.225591  0.000336387
t_subj(HC.hoarding).14            0.328744   0.0133869     0.29937   0.321016    0.330021   0.338068   0.351062  0.000313717
t_subj(HC.hoarding).15            0.318366   0.0137979    0.288936   0.309536    0.319206   0.328151   0.342557  0.000330005
t_subj(HC.hoarding).16            0.583429  0.00782529    0.570086   0.579046     0.58313   0.586809   0.600066  0.000303393
t_subj(HC.hoarding).17            0.163002   0.0100553    0.141961   0.156476    0.163622   0.170006   0.180694  0.000229487
t_subj(HC.hoarding).18            0.303808   0.0130128    0.276738   0.295931    0.304052   0.312014   0.328273   0.00027652
t_subj(HC.hoarding).19            0.281433  0.00737712    0.265521   0.276968    0.281837   0.286444    0.29452  0.000143068
t_subj(HC.hoarding).20            0.191623   0.0124932    0.165882   0.185051    0.193055   0.199931   0.215939  0.000507293
t_subj(HC.hoarding).21             0.21491  0.00636678    0.203055   0.210482    0.214325   0.219487   0.227041   0.00016461
t_subj(HC.hoarding).22            0.298569  0.00968637    0.278704   0.292418    0.298632   0.304748   0.318011  0.000275997
t_subj(HC.hoarding).23            0.244209   0.0126738    0.207246   0.238865    0.246133   0.252372   0.262488  0.000441093
t_subj(HC.hoarding).24            0.243555   0.0196709     0.20954   0.231326    0.241993   0.252828   0.293451  0.000491275
t_subj(HC.hoarding).25            0.340474   0.0177376    0.303323    0.32899    0.341767   0.352768   0.372378  0.000388443
t_subj(HC.hoarding).26            0.250611   0.0079294    0.235788   0.245518    0.249974   0.255246   0.267219  0.000202062
t_subj(HC.hoarding).27            0.237171    0.010567    0.214057    0.23064    0.238301   0.244863   0.254781  0.000645361
t_subj(HC.hoarding).28            0.244843  0.00372905    0.236635   0.242581    0.245133   0.247512   0.251095  8.35277e-05
t_subj(HC.hoarding).29            0.116242   0.0104318   0.0947456   0.109518    0.116946   0.123353   0.135074  0.000213919
t_subj(HC.hoarding).30            0.137823  0.00653572    0.124695   0.133987    0.138033   0.141821   0.148661  0.000190578
t_subj(HC.hoarding).31            0.251337  0.00924313    0.233628   0.244434    0.251803     0.2581   0.268701  0.000225443
t_subj(HC.hoarding).32            0.356198    0.016077    0.320805   0.347325    0.356808   0.365296   0.389019  0.000381959
t_subj(HC.hoarding).33            0.162291  0.00642047    0.151351   0.158801    0.162079   0.165155   0.172444  0.000266107
t_subj(HC.hoarding).34            0.196803   0.0135226     0.17204   0.187849    0.195337   0.204794   0.226553  0.000332144
t_subj(HC.hoarding).35            0.202354  0.00948317    0.175365   0.199649    0.204562   0.208393   0.214495  0.000247413
t_subj(HC.hoarding).36            0.276845   0.0353987    0.211646   0.251982    0.270942    0.30521   0.344443  0.000845117
t_subj(HC.hoarding).37            0.307329    0.013611    0.278617   0.298649    0.308296   0.316984   0.331102  0.000303166
t_subj(HC.hoarding).38            0.163695  0.00700741    0.147985   0.159644    0.164328   0.168559     0.1756  0.000162399
t_subj(HC.hoarding).39            0.198703    0.013197    0.169123   0.191342    0.199724   0.207632   0.221814  0.000279438
t_subj(HC.hoarding).40            0.241115   0.0064197    0.227654   0.236994    0.241406   0.245462   0.252715  0.000170162
t_subj(HC.hoarding).41            0.226238   0.0112206    0.202203   0.219408    0.227046   0.234202   0.245964  0.000283675
t_subj(HC.hoarding).42            0.203573   0.0143351    0.180005   0.193833    0.201458   0.210888   0.235207  0.000396253
t_subj(HC.hoarding).43            0.246687    0.021591    0.210653   0.231656    0.244711   0.259524   0.297183  0.000512999
t_subj(HC.hoarding).44            0.264724   0.0185993    0.222257    0.25461    0.268204   0.277702   0.294381  0.000376962
t_subj(HC.hoarding).45             0.27675   0.0166326    0.235351   0.270112    0.279977   0.287591   0.299899  0.000890711
t_subj(HC.hoarding).46            0.223176   0.0282226    0.192076   0.202148    0.207498   0.258851   0.270115   0.00243966
t_subj(HC.hoarding).47            0.113525   0.0105148   0.0913615   0.106621    0.114184   0.120786   0.132342  0.000285436
t_subj(HC.hoarding).48            0.314652   0.0123737    0.290189   0.306631    0.314297   0.322601   0.339896  0.000248906
t_subj(HC.hoarding).49            0.180405   0.0160218    0.150138   0.169525    0.179326   0.191916   0.210638  0.000397135
t_subj(HC.hoarding).50            0.172595  0.00556303    0.160183   0.169229    0.173128   0.176493   0.182031  0.000154971
t_subj(HC.hoarding).51            0.238236  0.00578402    0.224639   0.235228    0.239472   0.242287   0.246787  0.000203484
t_subj(HC.hoarding).52            0.219833  0.00521689    0.208868   0.216282    0.220842   0.223493   0.228364  0.000117924
t_subj(HC.hoarding).53            0.132406  0.00999669    0.113408    0.12521    0.132234   0.140198   0.149818  0.000248863
t_subj(HC.hoarding).54            0.150037   0.0164073    0.114552   0.139722    0.150684   0.161505   0.180258  0.000333988
t_subj(HC.hoarding).55            0.199311   0.0140835    0.146791   0.199264    0.203583   0.206363   0.210965  0.000848064
t_subj(HC.hoarding).56            0.223471   0.0112459     0.19982   0.216931    0.224086   0.230733   0.241633  0.000326023
t_subj(HC.neutral).14             0.286712   0.0141879    0.256076   0.277505    0.287372   0.296851   0.311915  0.000282882
t_subj(HC.neutral).15             0.322718   0.0130943    0.299477   0.313558    0.321293   0.331003   0.351048  0.000327756
t_subj(HC.neutral).16             0.748659    0.013949    0.721967   0.738718    0.749421   0.758481   0.774615  0.000332156
t_subj(HC.neutral).17             0.179288   0.0109423    0.158367   0.171394    0.178605   0.187432   0.200513  0.000215753
t_subj(HC.neutral).18              0.34752   0.0264492    0.298085    0.32894    0.343117   0.370571   0.392348  0.000944293
t_subj(HC.neutral).19             0.260727  0.00969287    0.237971   0.255157    0.261646    0.26754   0.276466  0.000235751
t_subj(HC.neutral).20             0.202552   0.0145431    0.166288   0.194008    0.203109   0.214295   0.224077   0.00050047
t_subj(HC.neutral).21             0.250186  0.00689167    0.235828   0.246023    0.250778   0.254929    0.26208   0.00016725
t_subj(HC.neutral).23              0.19859   0.0128097    0.177287   0.190761    0.197178    0.20431   0.232914   0.00027931
t_subj(HC.neutral).24             0.275786   0.0329093    0.216188   0.254604    0.274653   0.292412   0.345673  0.000654006
t_subj(HC.neutral).25             0.204235   0.0197579    0.155394   0.196231    0.207424   0.216622   0.235403  0.000534929
t_subj(HC.neutral).26             0.279883  0.00465292    0.269731   0.277017    0.280216   0.283056   0.287974  0.000107052
t_subj(HC.neutral).27             0.174868  0.00532764    0.163216   0.171749    0.175368   0.178665   0.183738  0.000111133
t_subj(HC.neutral).28             0.231758  0.00937331    0.214618   0.224668    0.232126    0.23872   0.248836  0.000245562
t_subj(HC.neutral).29             0.156269  0.00937035    0.138194   0.150173    0.156036   0.161909   0.175651  0.000189405
t_subj(HC.neutral).30             0.114322  0.00630218     0.10024   0.110363    0.114985   0.118668   0.125246  0.000137558
t_subj(HC.neutral).32             0.224704  0.00709072    0.213213   0.220127    0.223618   0.227716   0.241177  0.000170106
t_subj(HC.neutral).35             0.228758  0.00662032    0.215403   0.224441    0.228833   0.233375   0.240939  0.000148217
t_subj(HC.neutral).36             0.157823  0.00579835    0.144897    0.15471    0.158157   0.161566   0.167911  0.000129466
t_subj(HC.neutral).37             0.199116   0.0158219    0.162648   0.190509    0.201715   0.210285   0.224414  0.000391555
t_subj(HC.neutral).38             0.160111   0.0103984    0.137478   0.153637     0.16021   0.168743   0.176559  0.000308991
t_subj(HC.neutral).40             0.275502  0.00304139    0.269515   0.273514    0.275472   0.277451   0.281595  6.68342e-05
t_subj(HC.neutral).43             0.328192   0.0139509    0.300474   0.319198    0.328346   0.337641    0.35439  0.000335307
t_subj(HC.neutral).44             0.213238  0.00489855    0.203421   0.210147    0.213316   0.216187   0.223898  0.000113427
t_subj(HC.neutral).45             0.141765  0.00484448    0.131813   0.138607    0.142011   0.144956   0.150289  0.000101216
t_subj(HC.neutral).47             0.174567  0.00488046    0.163552   0.171705    0.175062   0.178029   0.182743  0.000130437
t_subj(HC.neutral).48             0.209987  0.00875651    0.191325   0.204581    0.210779   0.216129   0.225154  0.000193561
t_subj(HC.neutral).50             0.216045  0.00549316      0.2047   0.212641    0.216212   0.219585   0.227175  0.000159881
t_subj(HC.neutral).52             0.215847  0.00493341    0.206941   0.212704    0.215324   0.218511    0.22651  0.000106761
t_subj(HC.neutral).53             0.189517   0.0343747    0.132074   0.145756    0.201421   0.218914   0.224158    0.0033231
t_subj(HC.neutral).56             0.274205  0.00531657    0.262568   0.270946    0.274627    0.27795   0.283303  0.000162441
t_subj(HC.neutral).57             0.212287  0.00610085    0.198216   0.208863    0.212842   0.216414   0.222496  0.000152893
t_subj(HC.neutral).58             0.216475   0.0134196    0.186741     0.2088    0.216561   0.225332   0.240631  0.000289217
t_subj(HC.neutral).59             0.120568  0.00546127    0.108766   0.117122    0.120944   0.124356   0.129918  0.000127174
t_subj(HC.neutral).60             0.267517   0.0180816    0.234198   0.255816    0.267713   0.277535   0.309816  0.000524177
t_subj(HC.neutral).61             0.206334    0.013857    0.176668    0.19804    0.207695   0.215872   0.229877  0.000314991
t_subj(HC.neutral).62             0.219643  0.00321926    0.212713   0.217693    0.219868   0.221783   0.225391  7.41214e-05
t_subj(HC.neutral).63             0.202824  0.00473349    0.192879   0.200281    0.203206   0.205751   0.211093  0.000113269
t_subj(HC.neutral).64              0.21465   0.0124399    0.188507   0.206975    0.215265   0.222876   0.237446  0.000264464
t_subj(HC.neutral).65             0.136381  0.00629207    0.122714   0.132632    0.136762    0.14071   0.147492   0.00013848
t_subj(HC.neutral).66             0.232576   0.0147908    0.205076   0.216072     0.23768   0.241998   0.255854   0.00100803
t_subj(HC.neutral).67             0.192357   0.0073798    0.173811   0.188768    0.193588   0.197414   0.203704  0.000190761
alpha(DDA.hoarding)              -0.229415     1.12987    -2.38462  -0.970126   -0.257608   0.510813    2.03479    0.0474582
alpha(DDA.neutral)               -0.884201     1.00657    -2.86612   -1.55229   -0.887208   -0.23193    1.15788     0.027239
alpha(HC.hoarding)                0.439237    0.579734   -0.680671  0.0469107    0.422329   0.809037    1.61665    0.0198576
alpha(HC.neutral)                  1.44063     0.67923     0.18084   0.978293     1.41978    1.88314    2.89665    0.0248831
alpha_std                           3.0444    0.448399     2.30422    2.74079     2.99932    3.29804    4.04519    0.0235612
alpha_subj(DDA.hoarding).1         3.28503     1.64815     1.18073    2.11411     2.86263    4.08763    7.48026     0.041863
alpha_subj(DDA.hoarding).2        -1.82549    0.149102    -2.11746    -1.9247    -1.82497   -1.72805   -1.52674   0.00355035
alpha_subj(DDA.hoarding).3        -3.22989     3.27845    -7.72241   -5.18351    -4.25559   -2.14747    5.00207     0.197344
alpha_subj(DDA.hoarding).4         3.81136     1.63547     1.58648    2.62428     3.48759    4.66902    8.03806    0.0379981
alpha_subj(DDA.hoarding).5        0.025697     3.62077    -7.09258   -2.85585    0.426506    2.69866    6.64184     0.135921
alpha_subj(DDA.hoarding).6          2.7541     1.62309     0.80306     1.6421     2.31876    3.44384     6.9769    0.0451938
alpha_subj(DDA.hoarding).7         -0.3081     2.82538    -5.85643   -2.07494   -0.308253    1.16161    5.82384     0.136887
alpha_subj(DDA.hoarding).8         0.59933     1.75808    -1.85937  -0.446748    0.281167    1.22945    5.27303    0.0507969
alpha_subj(DDA.hoarding).9         1.71401     2.20345     -1.5184   0.162129     1.33226    3.00803    6.67847    0.0685678
alpha_subj(DDA.hoarding).10       -1.61112     3.60064    -7.93157   -4.14011    -1.89905   0.829536    5.72783     0.117846
alpha_subj(DDA.hoarding).11        -1.7037     0.32247    -2.26738   -1.92776    -1.72608   -1.50615  -0.990511    0.0145775
alpha_subj(DDA.hoarding).12       -1.03434     2.94645    -5.41597   -3.02374     -2.0569   0.985292    5.67952     0.133636
alpha_subj(DDA.hoarding).13       -5.98231     1.85182    -9.66594   -6.93142    -5.88509   -5.07388   -2.28613    0.0855372
alpha_subj(DDA.neutral).1          4.20512     1.54522     2.06015    3.09638     3.89195    5.02172    8.05005    0.0401367
alpha_subj(DDA.neutral).2        0.0558147    0.471868   -0.789853  -0.264879   0.0252345   0.353566    1.02304   0.00906748
alpha_subj(DDA.neutral).3         -2.15045     3.38704    -8.15585   -4.60755     -2.3679   0.139177    4.78891    0.0837233
alpha_subj(DDA.neutral).4          3.56387     1.64571     1.16485    2.39334      3.2995    4.44314    7.46815    0.0387128
alpha_subj(DDA.neutral).5       -0.0446775     1.23679    -2.73906  -0.633341  -0.0672271   0.539666    2.65048    0.0377338
alpha_subj(DDA.neutral).6         -1.56783     1.26711    -3.14545   -2.21697    -1.73124   -1.17105    1.45066    0.0298479
alpha_subj(DDA.neutral).7         -4.98201     1.15183    -7.98282   -5.35727    -4.67519   -4.24534   -3.72591    0.0349169
alpha_subj(DDA.neutral).8         -7.38124      1.3435    -10.8003   -8.04384    -7.10863   -6.43638   -5.52202    0.0323821
alpha_subj(DDA.neutral).9           2.9849      1.6653    0.723998    1.78917     2.64228     3.8303    7.20542    0.0402094
alpha_subj(DDA.neutral).10        -2.43327     2.99118    -7.91309   -4.46456    -2.66377  -0.468078     3.7932     0.110319
alpha_subj(DDA.neutral).11        -1.05625    0.277513    -1.53383   -1.24596    -1.08266  -0.896839  -0.431634   0.00896032
alpha_subj(DDA.neutral).12        0.143566     3.59038    -7.43699   -2.39027    0.719531    2.65426    6.17363     0.148291
alpha_subj(DDA.neutral).13        -4.19251     1.66021    -7.73857   -4.94854     -4.1615    -3.4052  -0.858793    0.0511657
alpha_subj(HC.hoarding).14         1.60611     1.82677    -0.83393   0.371052     1.15036     2.4699    6.11385    0.0464026
alpha_subj(HC.hoarding).15        0.116666    0.342859    -0.55078  -0.110549    0.110423   0.340711   0.804615    0.0080452
alpha_subj(HC.hoarding).16        -1.69273     3.57738    -7.82596   -4.40098     -1.9782   0.671732    5.78731      0.11527
alpha_subj(HC.hoarding).17         -1.1971     1.88552    -4.27803   -2.27128     -1.5427  -0.450197    3.85193     0.063841
alpha_subj(HC.hoarding).18        -2.60998    0.635573    -3.35884    -3.0091    -2.78709   -2.47123  -0.779362    0.0307594
alpha_subj(HC.hoarding).19          1.0417     2.27011    -2.57051  -0.465343    0.718299    2.23024    6.38842    0.0856962
alpha_subj(HC.hoarding).20        -2.08925    0.210553     -2.5068   -2.23085    -2.08843   -1.94808   -1.67155   0.00483442
alpha_subj(HC.hoarding).21        0.928713    0.811638  -0.0832755    0.45958    0.788126    1.20622    2.81991    0.0186628
alpha_subj(HC.hoarding).22       -0.743336    0.366219    -1.40442  -0.992669   -0.761079  -0.505423   0.037416    0.0141993
alpha_subj(HC.hoarding).23         2.75202     1.83625    0.506257    1.48801     2.22389    3.56948    7.49904    0.0492397
alpha_subj(HC.hoarding).24          2.0007      1.8756   -0.314461   0.724237     1.50992    2.77789    6.80932    0.0527322
alpha_subj(HC.hoarding).25       -0.747242     2.42309    -3.35849   -2.52046    -1.70375    0.55154    5.49549     0.140308
alpha_subj(HC.hoarding).26        -2.18272     3.19221    -7.19356   -4.27681    -2.94489  -0.474137    5.15236      0.10201
alpha_subj(HC.hoarding).27        -1.00221    0.828055    -2.15892    -1.5782    -1.10742  -0.581596    0.72585    0.0227042
alpha_subj(HC.hoarding).28         1.48674     2.21046    -1.80328  -0.115827     1.07571    2.76268    6.53053    0.0613313
alpha_subj(HC.hoarding).29        0.809175     3.86416    -5.18434     -3.544     1.70634    3.61828    7.59569     0.304269
alpha_subj(HC.hoarding).30         3.76702     1.79703     1.11245     2.4808     3.47881    4.72834    8.05081     0.040535
alpha_subj(HC.hoarding).31        -1.02173     3.23285    -6.80593   -3.27093    -1.43275    1.02862     5.9703    0.0778288
alpha_subj(HC.hoarding).32       -0.125463     1.72295    -2.36535   -1.20134   -0.533957   0.419902    4.63648    0.0799878
alpha_subj(HC.hoarding).33        0.905103    0.825936   -0.187927   0.406002    0.770651    1.21834    2.85319    0.0170737
alpha_subj(HC.hoarding).34        -1.59764    0.725247    -2.83973   -2.08302    -1.66983   -1.16753 -0.0635582    0.0205441
alpha_subj(HC.hoarding).35       -0.203638     1.35854    -1.73718   -1.01655   -0.540858   0.176755    3.51725    0.0487986
alpha_subj(HC.hoarding).36       0.0398166     1.07713    -1.44684  -0.611226   -0.120135   0.441905    2.93257    0.0450055
alpha_subj(HC.hoarding).37         1.37703     1.47681   -0.391096    0.47554    0.997781    1.80019    5.72781    0.0372264
alpha_subj(HC.hoarding).38         2.58708     2.38359    -1.77289     1.1454     2.36473    3.93106    7.73631    0.0539073
alpha_subj(HC.hoarding).39          2.6874     1.81161    0.331915    1.39431     2.24768    3.56411    7.30228    0.0444682
alpha_subj(HC.hoarding).40       -0.254486    0.332284   -0.901002  -0.475484   -0.258356  -0.049044   0.432777   0.00922988
alpha_subj(HC.hoarding).41         3.50409     1.73314     1.19552    2.22082      3.1411    4.42674     7.8463    0.0385548
alpha_subj(HC.hoarding).42         4.66922     1.72202      2.1504    3.44144     4.36319    5.58339    8.81867    0.0421829
alpha_subj(HC.hoarding).43        -1.34443      1.4091    -3.45393   -2.38689    -1.49237   -0.50687    1.67292    0.0694153
alpha_subj(HC.hoarding).44        -1.90998     3.49313    -7.32103   -4.36612      -2.762   0.321662    6.05173     0.113733
alpha_subj(HC.hoarding).45         1.46254     1.79585   -0.768822   0.192354      1.0282    2.23909    6.05513    0.0412586
alpha_subj(HC.hoarding).46        -2.11231    0.428304    -2.92938   -2.41432    -2.12611   -1.82639   -1.22443    0.0142021
alpha_subj(HC.hoarding).47        -1.01248     3.42342    -7.07575   -3.47428    -1.41824    1.43437    6.15979    0.0901143
alpha_subj(HC.hoarding).48        0.305315     2.57093    -3.44712   -1.66512  -0.0797201    1.84645    6.24253    0.0938001
alpha_subj(HC.hoarding).49        -1.57742     3.27266    -7.93238    -3.4382    -1.35027  -0.160599    5.66416     0.140495
alpha_subj(HC.hoarding).50         2.96869     1.58453     1.08641    1.89419     2.55533    3.53506     7.1657    0.0389586
alpha_subj(HC.hoarding).51       -0.878831    0.261356    -1.38368   -1.05714   -0.882859  -0.697787  -0.379004   0.00840175
alpha_subj(HC.hoarding).52          1.0843      1.3843   -0.712666   0.231249    0.781334    1.58699    5.03003    0.0314321
alpha_subj(HC.hoarding).53         2.98712     1.63723    0.891545    1.80907     2.59798    3.81116     6.9937    0.0376623
alpha_subj(HC.hoarding).54         1.52599     2.08333    -1.87933   0.142918     1.16963     2.6584    6.35917    0.0613276
alpha_subj(HC.hoarding).55        0.772612    0.971737   -0.442741   0.203718    0.592436    1.07979    3.30954    0.0250383
alpha_subj(HC.hoarding).56         2.03093     1.36971    0.461366    1.14668     1.64962    2.47627     5.9382    0.0375447
alpha_subj(HC.neutral).14        -0.239586     1.93457    -2.69113   -1.50241   -0.646377   0.414925    5.34699     0.071742
alpha_subj(HC.neutral).15          4.25546     1.95443     1.54061    2.82739     3.86519    5.32662    8.89803    0.0490461
alpha_subj(HC.neutral).16          1.79351     3.11431    -3.32724  -0.856876     1.99169    3.92584    7.92684     0.107782
alpha_subj(HC.neutral).17          3.36037     2.49874    -1.89734    1.84749     3.28211    4.88422    8.45831    0.0772298
alpha_subj(HC.neutral).18          4.11551     2.05852    0.939949    2.66066     3.84541    5.27847    8.86218    0.0433139
alpha_subj(HC.neutral).19        -0.036176    0.788798    -1.40883  -0.498206  -0.0549898   0.377101    1.40983    0.0267904
alpha_subj(HC.neutral).20         -1.90434    0.307446    -2.42519   -2.11832    -1.92818    -1.7172    -1.2173    0.0123981
alpha_subj(HC.neutral).21          1.87535     1.40537    0.342994    1.01361     1.49859    2.25681    5.90207    0.0372512
alpha_subj(HC.neutral).23          3.33814     1.99326    0.662668    1.89104     2.90608    4.39399    8.31334    0.0488696
alpha_subj(HC.neutral).24          2.03903     2.54188    -2.77536   0.425163     1.77023    3.53678    7.68235    0.0740134
alpha_subj(HC.neutral).25         0.750289     3.54391    -5.84356   -1.89697     0.92274    3.15102    7.59459     0.101959
alpha_subj(HC.neutral).26           4.1731     1.87296     1.73191    2.79769      3.7435    5.15636     8.8799    0.0434718
alpha_subj(HC.neutral).27         0.360168     3.51869    -6.21712   -2.23651    0.445956     2.7331    7.50713     0.108297
alpha_subj(HC.neutral).28         0.298533    0.699642   -0.604297 -0.0859862      0.2004   0.545003    1.73801    0.0175956
alpha_subj(HC.neutral).29          2.63795      2.2083   -0.268165   0.950106     2.15462    3.90035    7.90716    0.0533183
alpha_subj(HC.neutral).30          2.37697      2.1705   -0.857583   0.855499     1.95995    3.58987     7.4503    0.0548638
alpha_subj(HC.neutral).32        0.0756013    0.627583   -0.966073  -0.309121   0.0268368   0.388542    1.36162    0.0155789
alpha_subj(HC.neutral).35          2.48624     1.72444    0.503111    1.33049     1.94914    3.12692    7.24789    0.0436785
alpha_subj(HC.neutral).36          1.09756     2.47836    -2.72754  -0.609155    0.749924    2.41979    6.78102    0.0809929
alpha_subj(HC.neutral).37          2.19479      1.8644    0.101109   0.990312     1.66897    2.75575    7.35747    0.0502398
alpha_subj(HC.neutral).38         -0.42702     3.06363    -4.69507   -2.74093    -1.12268    1.58265    6.51135     0.101258
alpha_subj(HC.neutral).40         -1.66389    0.283086    -2.19938   -1.86156    -1.65733   -1.46953   -1.11214   0.00863824
alpha_subj(HC.neutral).43          4.04765     1.90019      1.5511    2.64266     3.61671    5.01809    8.82877    0.0473884
alpha_subj(HC.neutral).44         0.773618     1.00767   -0.471755    0.23466    0.624157    1.06947    3.15813    0.0237774
alpha_subj(HC.neutral).45          1.77547     3.30231    -5.33539 -0.0813407     1.98795    3.86517    8.00334    0.0958352
alpha_subj(HC.neutral).47        -0.547305     3.48147    -6.36922    -3.0499    -1.02676    1.86055    6.77668    0.0935738
alpha_subj(HC.neutral).48         0.207474     2.98195    -3.61024   -2.22543   -0.556097    2.24863    6.91109     0.131044
alpha_subj(HC.neutral).50          4.01392      1.9568     1.42431    2.59322     3.55233     5.0376    8.87753    0.0485509
alpha_subj(HC.neutral).52        -0.683099    0.401867    -1.48648  -0.944665   -0.685072  -0.415275  0.0911295   0.00727965
alpha_subj(HC.neutral).53           4.7223     1.87387     2.00713    3.34439     4.40817    5.77048    9.20354    0.0494125
alpha_subj(HC.neutral).56          1.43923     1.08626    0.228031   0.811967     1.19913    1.73802    4.36247    0.0251782
alpha_subj(HC.neutral).57        -0.516539    0.398674    -1.24146  -0.793043   -0.530275  -0.250625   0.302956    0.0162594
alpha_subj(HC.neutral).58        -0.133538     3.43602      -5.983   -2.74034    -0.42391    2.30903    6.82792    0.0904924
alpha_subj(HC.neutral).59          1.34846     2.01943    -1.40187  0.0763938    0.894079    2.06923    6.84519    0.0632122
alpha_subj(HC.neutral).60          4.79871     1.81941     2.19248    3.51206     4.49174    5.75843    9.35439    0.0430615
alpha_subj(HC.neutral).61        -0.802163      3.8493    -7.15174   -4.06987   -0.521911    1.94457    6.85501     0.168031
alpha_subj(HC.neutral).62          1.31427     1.12526 -0.00144211    0.62655     1.06397     1.6355    4.52737    0.0291967
alpha_subj(HC.neutral).63          2.58128     2.05998   -0.105532    1.08579     2.10429    3.60354    7.77299    0.0736383
alpha_subj(HC.neutral).64        -0.197777     3.63816    -6.37455   -2.96453   -0.683318    2.41574    7.18288      0.11832
alpha_subj(HC.neutral).65           4.1296     2.02886     1.08196    2.71258     3.78537    5.30191    8.83438    0.0478938
alpha_subj(HC.neutral).66          1.17946    0.951318    0.110783   0.654434       1.001    1.39512    3.98807    0.0246151
alpha_subj(HC.neutral).67         -1.06497    0.726508     -2.1789   -1.60791    -1.15452  -0.614065   0.547952    0.0325849
pos_alpha(DDA.hoarding)          0.0145981     1.51129    -2.76167   -1.04497  -0.0162101   0.977516    3.17764    0.0639272
pos_alpha(DDA.neutral)           0.0465856     1.39539    -2.63389  -0.868921   0.0133862   0.977165    2.80396    0.0461281
pos_alpha(HC.hoarding)             2.94757     1.05988     1.13891    2.20479     2.87076    3.57581    5.30053    0.0520807
pos_alpha(HC.neutral)              3.21286     1.06305     1.32006    2.48943     3.13882    3.86842    5.56905    0.0457153
pos_alpha_std                      4.20521    0.782879     2.94635    3.62491     4.10862    4.67952    6.01251    0.0523717
pos_alpha_subj(DDA.hoarding).1     2.70315     2.36126    0.154315    1.09396     1.98074    3.55164    9.10595    0.0654196
pos_alpha_subj(DDA.hoarding).2     4.37035     2.53915     1.16749    2.44783     3.69219    5.80142    10.6025    0.0708064
pos_alpha_subj(DDA.hoarding).3    -2.31537     3.75383    -6.54057   -4.26398    -3.66079   -2.27653    7.84086     0.216975
pos_alpha_subj(DDA.hoarding).4     5.05623     2.42475     1.69877    3.29757     4.59326    6.31567    11.0163    0.0707635
pos_alpha_subj(DDA.hoarding).5    -3.05392     4.66191    -10.9078   -5.85246    -4.09895  -0.569419    7.57674      0.16974
pos_alpha_subj(DDA.hoarding).6    0.601625     1.78833    -1.36234    -0.3658    0.204575   0.967033    5.73407     0.085731
pos_alpha_subj(DDA.hoarding).7    -1.06799     4.20359    -8.18527   -3.58763    -2.20704    1.34886     8.6885     0.197014
pos_alpha_subj(DDA.hoarding).8   -0.981322     2.79456    -3.53755   -2.54313    -1.90535  -0.827407    7.29544     0.126921
pos_alpha_subj(DDA.hoarding).9     1.22061     3.39689    -3.73014   -1.25846    0.806617    3.10748     9.4462     0.175084
pos_alpha_subj(DDA.hoarding).10   -2.22262     4.88346     -10.533   -5.51889    -3.15781    1.24137    7.98081     0.158315
pos_alpha_subj(DDA.hoarding).11   0.174047    0.325879   -0.488713   -0.03591    0.176819    0.39265   0.818173    0.0110206
pos_alpha_subj(DDA.hoarding).12   -1.73044     5.35912    -10.8412   -5.92938    -2.24205    2.25454    8.97296     0.284326
pos_alpha_subj(DDA.hoarding).13    -3.0276     1.42913    -5.53419   -3.48657    -2.93762   -2.50061   -1.56513     0.072653
pos_alpha_subj(DDA.neutral).1      1.61441     1.98202   -0.213422   0.462861    0.988424    1.90543    7.74077    0.0646226
pos_alpha_subj(DDA.neutral).2    -0.322631    0.811029    -1.68949  -0.849807   -0.379201   0.119909    1.35378    0.0293914
pos_alpha_subj(DDA.neutral).3     -2.94434      5.0945    -11.3012   -6.43271    -4.06624   0.512603    7.93515     0.174179
pos_alpha_subj(DDA.neutral).4      4.42648     2.51616    0.995667    2.58717     3.93487    5.77827    10.4651    0.0663871
pos_alpha_subj(DDA.neutral).5     -1.54819     2.12048    -4.24424   -2.85445    -1.95095  -0.793645    4.39009     0.100441
pos_alpha_subj(DDA.neutral).6    -0.749515     1.68862    -3.12983   -1.60769   -0.898726   -0.23598    3.67163    0.0471189
pos_alpha_subj(DDA.neutral).7     -1.22529    0.251685    -1.75237   -1.38987    -1.21507    -1.0552  -0.748051    0.0063618
pos_alpha_subj(DDA.neutral).8     -3.44273    0.271091    -4.01431   -3.61781    -3.42817   -3.25451   -2.94167   0.00495853
pos_alpha_subj(DDA.neutral).9    -0.566617     1.22455    -2.28342   -1.25288   -0.696491  -0.144844     2.4667    0.0494824
pos_alpha_subj(DDA.neutral).10   -0.823544     4.01446    -7.87637   -3.62416    -1.16932    1.67011    8.15578     0.127822
pos_alpha_subj(DDA.neutral).11     4.32504     2.53922    0.962521    2.48879     3.80288    5.61554    10.5893    0.0676948
pos_alpha_subj(DDA.neutral).12     1.78534     4.76848    -9.11354  -0.462456      2.3324    4.78888    10.4962     0.184464
pos_alpha_subj(DDA.neutral).13    0.160954     3.84014    -4.44152   -2.98928    -1.07368    2.86149    8.61819     0.138298
pos_alpha_subj(HC.hoarding).14     5.37544     3.30608    0.238981    2.97214     4.93945    7.28449     12.877    0.0942865
pos_alpha_subj(HC.hoarding).15     4.85486     3.13919    0.736282    2.45155     4.23429    6.56594    12.6565    0.0857196
pos_alpha_subj(HC.hoarding).16     1.47046      4.7031    -7.06498   -1.95975     1.23577    4.62375    11.1958     0.127321
pos_alpha_subj(HC.hoarding).17     5.22037     3.42242   -0.188327    2.93844     4.81309    7.06728    13.1632    0.0998128
pos_alpha_subj(HC.hoarding).18    -1.71508    0.510402    -2.44206    -2.0071    -1.78258   -1.50961  -0.583542    0.0215283
pos_alpha_subj(HC.hoarding).19     5.51476     3.14997     1.08117    3.19794     4.96635    7.18889    13.1708    0.0900986
pos_alpha_subj(HC.hoarding).20     5.82047     3.04786     1.70625    3.56748     5.25503    7.38316    13.2994    0.0820652
pos_alpha_subj(HC.hoarding).21     1.56338     2.49005   -0.691714   0.145137    0.735419    1.82465    9.36101     0.089854
pos_alpha_subj(HC.hoarding).22     1.22049     2.37278   -0.672177  0.0138691    0.473036    1.26755    8.87925    0.0915795
pos_alpha_subj(HC.hoarding).23     5.57352     3.10534     1.15843    3.25924      5.0675    7.31974    12.9334     0.094366
pos_alpha_subj(HC.hoarding).24      5.5815     3.08409     1.04595    3.34963     4.97969    7.37153    13.0193    0.0804493
pos_alpha_subj(HC.hoarding).25     4.72965     3.35643   -0.291425    2.22077     4.28255    6.72675     12.401    0.0885334
pos_alpha_subj(HC.hoarding).26    0.139558     4.82948    -7.20199   -3.20434    -1.49123    3.50898    10.8962     0.168537
pos_alpha_subj(HC.hoarding).27    -6.79105     1.70345    -11.0701   -7.60827    -6.42366   -5.55103   -4.61352    0.0501923
pos_alpha_subj(HC.hoarding).28     4.50326     3.43053   -0.224274    1.83541     3.92573    6.62112    12.5933     0.085854
pos_alpha_subj(HC.hoarding).29      2.2241     4.46488    -3.37673   -2.02381     2.17521    5.43638    11.7093     0.331762
pos_alpha_subj(HC.hoarding).30     4.34378     3.49742   -0.258264    1.59536     3.67107    6.30084    12.8035     0.104468
pos_alpha_subj(HC.hoarding).31    0.742772     5.22473    -8.23559   -3.38091    0.634233    4.45057    11.2943     0.143307
pos_alpha_subj(HC.hoarding).32     3.75282     3.74951    -2.16488    1.13314     3.32371    6.03604    12.1049     0.152436
pos_alpha_subj(HC.hoarding).33     5.14996     3.08302    0.819499    2.77679     4.59775    6.99213    12.5656    0.0766824
pos_alpha_subj(HC.hoarding).34     4.72118     3.46323    -0.47484    2.21834     4.22707    6.67728    12.6713    0.0986506
pos_alpha_subj(HC.hoarding).35    0.912424      3.1287    -1.99883   -1.04117   -0.396336    1.77189    9.60133     0.128627
pos_alpha_subj(HC.hoarding).36   -0.823876      2.9796    -3.45785   -2.51271    -1.81775  -0.625038    8.19977     0.193663
pos_alpha_subj(HC.hoarding).37     5.72861     3.02967     1.29894    3.55089     5.23518    7.35337    12.8638    0.0870114
pos_alpha_subj(HC.hoarding).38     4.61956     3.64378    -2.52312    2.33351     4.22582    6.66837    12.7556    0.0966472
pos_alpha_subj(HC.hoarding).39     5.72973     2.89904     1.46518    3.53878     5.23819    7.50929    12.6033    0.0746282
pos_alpha_subj(HC.hoarding).40     5.68845     3.10165     1.38487    3.43494     5.06764     7.4048    13.1838    0.0899646
pos_alpha_subj(HC.hoarding).41     5.89066     2.97901     1.73862    3.65696     5.30004    7.56479    13.0908    0.0834876
pos_alpha_subj(HC.hoarding).42     2.86463     3.02959   -0.106707   0.819025     1.74965    3.92279    10.9708     0.112169
pos_alpha_subj(HC.hoarding).43     4.60714     3.39782   -0.116882    1.99082     3.99577    6.57875    12.6929    0.0926705
pos_alpha_subj(HC.hoarding).44     2.47744     4.92348    -6.88331   -1.18166     2.63249    5.79985    12.2393     0.131962
pos_alpha_subj(HC.hoarding).45    -4.74473     1.38373    -8.75302   -5.10859    -4.35616   -3.90146   -3.29777    0.0444387
pos_alpha_subj(HC.hoarding).46     2.17741     2.89522   -0.873733    0.22143     1.20419    3.17313    9.75354    0.0857502
pos_alpha_subj(HC.hoarding).47     2.42163     4.99171    -7.54884  -0.704716     2.78697    5.69434    11.8081     0.134066
pos_alpha_subj(HC.hoarding).48     4.02457     3.72167    -2.74511    1.55562     3.65433     6.2646    12.3561     0.162865
pos_alpha_subj(HC.hoarding).49    -1.35559     4.87405    -8.78198   -4.79624    -2.79391    1.68243    9.64411     0.235312
pos_alpha_subj(HC.hoarding).50     5.43343     3.00194     1.31589    3.14221     4.79647    7.18619     12.722       0.0751
pos_alpha_subj(HC.hoarding).51     5.54393       2.993     1.38459    3.28975     5.04804    7.21411    12.5931    0.0842947
pos_alpha_subj(HC.hoarding).52       1.786     3.05498    -1.54072  -0.242818    0.751591     2.8635    9.94982     0.101798
pos_alpha_subj(HC.hoarding).53     6.05446     3.00709     1.85953    3.85434     5.47312    7.66166    13.5825    0.0803267
pos_alpha_subj(HC.hoarding).54     4.66141     3.37543  -0.0859108    2.11174     4.08454    6.51687    12.7518    0.0922774
pos_alpha_subj(HC.hoarding).55   -0.324144      1.2405    -1.72136  -0.910087   -0.496058 -0.0227342    2.30909    0.0419199
pos_alpha_subj(HC.hoarding).56     5.46597     3.19808    0.925795    3.04824     4.97075    7.32028    13.2048    0.0891223
pos_alpha_subj(HC.neutral).14      5.99585     3.11778      1.4836    3.78634     5.49657       7.67    13.3707    0.0855009
pos_alpha_subj(HC.neutral).15      4.25277     3.17672    0.529747     1.7933     3.40489    5.98824    12.2658    0.0932029
pos_alpha_subj(HC.neutral).16      5.38981     3.47031   -0.706654    3.17603     4.99476    7.30746    13.3382    0.0913327
pos_alpha_subj(HC.neutral).17      1.46298     4.19066    -3.58926   -1.97527    0.228311    4.45308    11.1413     0.204176
pos_alpha_subj(HC.neutral).18    -0.425356     1.61501    -2.09355   -1.22423   -0.726669  -0.139442    4.47672    0.0656016
pos_alpha_subj(HC.neutral).19      5.11517     3.10116    0.589663    2.74345     4.65582    6.98803    12.1081    0.0728288
pos_alpha_subj(HC.neutral).20      5.28715     3.10715     1.19891    2.86223     4.62599    7.07687    13.0737    0.0865023
pos_alpha_subj(HC.neutral).21      6.13102       2.967     1.76219    3.97448      5.6538    7.82627    13.2881    0.0734781
pos_alpha_subj(HC.neutral).23      5.62804     3.10652     1.22159    3.28048     5.06085    7.46238    13.0205    0.0816637
pos_alpha_subj(HC.neutral).24      5.17683     3.48835    -1.12981    2.82982     4.84109    7.27109    12.9243    0.0852874
pos_alpha_subj(HC.neutral).25      1.27362     4.82718    -6.53711   -2.49649    0.771848    4.65764    11.5872     0.124293
pos_alpha_subj(HC.neutral).26       4.5329      3.1899    0.780335    2.01296     3.67993    6.35142    12.3828     0.102086
pos_alpha_subj(HC.neutral).27     0.202434     5.33807    -8.29024   -4.08229   -0.378263    4.33549    10.9695      0.21091
pos_alpha_subj(HC.neutral).28    -0.891173    0.594214    -2.02858   -1.29754   -0.914645  -0.489519   0.308927    0.0231461
pos_alpha_subj(HC.neutral).29      3.93322     3.12526    0.530506    1.58138     2.86208    5.60563    11.9592    0.0871285
pos_alpha_subj(HC.neutral).30      5.03791     3.52032    -1.99069    2.70866      4.7372    7.16479    12.8314     0.107818
pos_alpha_subj(HC.neutral).32       4.4668     3.31472    0.320242     1.8877     3.70372    6.28416    12.5472    0.0981394
pos_alpha_subj(HC.neutral).35      5.91779     3.03186     1.66439    3.67561     5.39388    7.53525    13.3155     0.077187
pos_alpha_subj(HC.neutral).36       5.0689     3.18016    0.475597    2.63384     4.52121    7.05236     12.389    0.0863182
pos_alpha_subj(HC.neutral).37      5.74685     3.04585     1.15887    3.45902     5.33378    7.61772    12.5575    0.0778182
pos_alpha_subj(HC.neutral).38      2.74323      4.2628    -4.80386  -0.286058     2.33093    5.52994    11.8603     0.114741
pos_alpha_subj(HC.neutral).40     -1.11554     0.55366     -1.9289    -1.4413     -1.1758  -0.855159 -0.0395386     0.014624
pos_alpha_subj(HC.neutral).43      6.34257     2.93022     2.29319    4.18287     5.80752     7.9215    13.4459    0.0734905
pos_alpha_subj(HC.neutral).44      4.21239     3.22534     0.33307    1.71757     3.38512    5.93695    12.1278    0.0893033
pos_alpha_subj(HC.neutral).45      2.62925     4.73838    -7.16451 -0.0713413     2.54957    5.66425    12.1677     0.188152
pos_alpha_subj(HC.neutral).47     0.548986     5.17204    -8.21788   -3.52549    0.229801    4.30624    10.7227     0.155462
pos_alpha_subj(HC.neutral).48      2.83605     4.02255    -4.36517   0.248783      2.2785    5.39699    11.4486     0.149838
pos_alpha_subj(HC.neutral).50      6.28907     2.96193     2.08004    4.08841     5.76573    7.91644    13.3606    0.0767706
pos_alpha_subj(HC.neutral).52    -0.354523    0.831196    -1.39001    -0.7386   -0.421103 -0.0907305   0.841772    0.0345039
pos_alpha_subj(HC.neutral).53      5.08842     3.24214    0.592996    2.64478     4.50829    6.90618    12.7687    0.0880997
pos_alpha_subj(HC.neutral).56      4.65437     3.37648   0.0901292    2.03217     4.01713    6.66116      12.65     0.120448
pos_alpha_subj(HC.neutral).57      1.34701     2.40192   -0.558377  0.0578531    0.545559    1.43661    8.95341    0.0999709
pos_alpha_subj(HC.neutral).58      2.20215     5.01609    -7.49292    -1.2648      2.2663    5.60001    11.8832     0.114198
pos_alpha_subj(HC.neutral).59      3.37349     3.37856   -0.599636   0.823067     2.35312    5.18986    12.0754    0.0935193
pos_alpha_subj(HC.neutral).60      4.59459     3.35223     0.29338    1.93793     3.91793    6.56906    12.4716     0.102434
pos_alpha_subj(HC.neutral).61     -1.12287     4.84946     -8.5537   -4.64637    -1.95911    2.05039    9.42603     0.215538
pos_alpha_subj(HC.neutral).62      2.03065     2.77208   -0.580818   0.338102     1.01193    2.58261    10.0366    0.0896694
pos_alpha_subj(HC.neutral).63      2.35027     3.29219    -1.08197  0.0707677     1.13269    3.71232    10.9755     0.163991
pos_alpha_subj(HC.neutral).64     0.684252     5.06537    -7.90954   -3.01423  -0.0553706    4.41419    10.9307      0.18592
pos_alpha_subj(HC.neutral).65      4.21504     3.11573    0.665175    1.81066     3.22801    5.92875    12.1915    0.0862444
pos_alpha_subj(HC.neutral).66      3.97072      3.2865    0.103971    1.42094     2.96018    5.85545    12.0714     0.109246
pos_alpha_subj(HC.neutral).67      4.41497     3.33958    0.188542    1.82882     3.60006    6.33949    12.3568    0.0874945
DIC: 14066.230609
deviance: 13992.599378
pD: 73.631231
