1 1 0 1 0 0 0 3000 1 11 11 0
1 2 0 1 0 0 0 3000 1 7 7 11
1 3 0 1 0 0 0 3000 3 6 6 7
1 4 1 0 0 1 0 3000 1 7 7 6
1 5 0 1 0 0 0 3000 3 15 15 7
1 6 0 1 0 0 0 3000 2 11 11 15
1 7 0 1 0 0 0 3000 3 13 13 11
1 8 0 1 0 0 0 3000 2 15 15 13
1 9 1 0 0 1 0 3000 1 13 13 15
1 10 0 1 0 0 0 3000 3 9 9 13
2 1 0 1 0 0 0 3000 1 4 4 9
2 2 0 1 0 0 0 3000 2 3 3 4
2 3 1 1 1 0 0 328 1 4 4 3
2 4 0 1 0 0 0 3000 2 15 15 4
2 5 0 1 0 0 0 3000 2 13 13 15
2 6 1 1 1 0 0 393 1 15 15 13
2 7 0 1 0 0 0 3000 3 11 11 15
2 8 1 1 1 0 0 626 1 15 15 11
2 9 0 1 0 0 0 3000 3 13 13 15
2 10 1 0 0 1 0 3000 1 15 15 13
2 11 0 1 0 0 0 3000 3 5 5 15
2 12 0 1 0 0 0 3000 2 14 14 5
2 13 0 1 0 0 0 3000 3 13 13 14
2 14 1 1 1 0 0 765 1 14 14 13
2 15 0 1 0 0 0 3000 3 12 12 14
2 16 0 1 0 0 0 3000 2 13 13 12
2 17 0 1 0 0 0 3000 3 7 7 13
2 18 0 1 0 0 0 3000 2 6 6 7
2 19 0 1 0 0 0 3000 2 9 9 6
2 20 0 1 0 0 0 3000 2 11 11 9
2 21 1 0 0 1 0 3000 1 9 9 11
2 22 0 0 0 0 1 489 3 6 6 9
2 23 0 1 0 0 0 3000 2 14 14 6
2 24 0 1 0 0 0 3000 3 4 4 14
2 25 1 1 1 0 0 645 1 14 14 4
2 26 0 1 0 0 0 3000 2 13 13 14
2 27 0 1 0 0 0 3000 3 10 10 13
2 28 1 1 1 0 0 367 1 13 13 10
2 29 0 1 0 0 0 3000 3 14 14 13
2 30 1 0 0 1 0 3000 1 13 13 14
2 31 0 1 0 0 0 3000 2 11 11 13
2 32 0 1 0 0 0 3000 2 6 6 11
2 33 1 1 1 0 0 347 1 11 11 6
2 34 1 0 0 1 0 3000 1 6 6 11
2 35 1 0 0 1 0 3000 1 11 11 6
2 36 1 1 1 0 0 351 1 6 6 11
2 37 1 0 0 1 0 3000 1 11 11 6
2 38 1 0 0 1 0 3000 1 6 6 11
2 39 1 1 1 0 0 471 1 11 11 6
2 40 0 1 0 0 0 3000 2 2 2 11
2 41 1 0 0 1 0 3000 1 11 11 2
2 42 0 0 0 0 1 327 2 14 14 11
2 43 1 0 0 1 0 3000 1 11 11 14
2 44 1 0 0 1 0 3000 1 14 14 11
2 45 0 1 0 0 0 3000 2 6 6 14
2 46 0 1 0 0 0 3000 3 8 8 6
2 47 0 1 0 0 0 3000 2 1 1 8
2 48 0 1 0 0 0 3000 3 12 12 1
2 49 1 1 1 0 0 618 1 1 1 12
2 50 1 0 0 1 0 3000 1 12 12 1
2 51 0 1 0 0 0 3000 3 2 2 12
2 52 0 0 0 0 1 558 2 2 2 2
2 53 0 1 0 0 0 3000 2 6 6 2
2 54 0 1 0 0 0 3000 3 15 15 6
2 55 0 1 0 0 0 3000 2 14 14 15
2 56 0 1 0 0 0 3000 2 10 10 14
2 57 0 1 0 0 0 3000 2 5 5 10
2 58 0 1 0 0 0 3000 3 3 3 5
2 59 1 1 1 0 0 367 1 5 5 3
2 60 0 1 0 0 0 3000 3 11 11 5
2 61 0 0 0 0 1 670 3 11 11 11
2 62 1 0 0 1 0 3000 1 11 11 11
2 63 0 1 0 0 0 3000 3 12 12 11
2 64 0 1 0 0 0 3000 3 9 9 12
2 65 0 1 0 0 0 3000 3 5 5 9
2 66 0 1 0 0 0 3000 3 7 7 5
2 67 0 1 0 0 0 3000 3 2 2 7
2 68 1 1 1 0 0 763 1 7 7 2
2 69 0 1 0 0 0 3000 2 4 4 7
2 70 0 1 0 0 0 3000 3 12 12 4
2 71 0 1 0 0 0 3000 2 10 10 12
2 72 1 0 0 1 0 3000 1 12 12 10
2 73 1 1 1 0 0 423 1 10 10 12
2 74 1 0 0 1 0 3000 1 12 12 10
2 75 0 1 0 0 0 3000 2 4 4 12
