1 1 0 1 0 0 0 3000 1 2 2 0
1 2 0 1 0 0 0 3000 2 4 4 2
1 3 0 1 0 0 0 3000 3 15 15 4
1 4 0 1 0 0 0 3000 2 2 2 15
1 5 0 1 0 0 0 3000 2 8 8 2
1 6 1 1 1 0 0 1755 1 2 2 8
1 7 1 0 0 1 0 3000 1 8 8 2
1 8 0 1 0 0 0 3000 3 15 15 8
1 9 0 1 0 0 0 3000 3 11 11 15
1 10 0 1 0 0 0 3000 2 14 14 11
2 1 0 1 0 0 0 3000 3 13 13 14
2 2 0 1 0 0 0 3000 3 3 3 13
2 3 0 1 0 0 0 3000 3 2 2 3
2 4 1 1 1 0 0 430 1 3 3 2
2 5 0 1 0 0 0 3000 2 12 12 3
2 6 1 1 1 0 0 436 1 3 3 12
2 7 1 1 1 0 0 691 1 12 12 3
2 8 1 1 1 0 0 687 1 3 3 12
2 9 0 1 0 0 0 3000 2 15 15 3
2 10 0 1 0 0 0 3000 3 11 11 15
2 11 0 1 0 0 0 3000 2 14 14 11
2 12 0 1 0 0 0 3000 3 1 1 14
2 13 1 1 1 0 0 408 1 14 14 1
2 14 0 1 0 0 0 3000 3 4 4 14
2 15 1 1 1 0 0 397 1 14 14 4
2 16 0 1 0 0 0 3000 2 12 12 14
2 17 0 1 0 0 0 3000 2 15 15 12
2 18 1 1 1 0 0 443 1 12 12 15
2 19 1 1 1 0 0 544 1 15 15 12
2 20 1 1 1 0 0 552 1 12 12 15
2 21 0 1 0 0 0 3000 3 6 6 12
2 22 0 1 0 0 0 3000 3 3 3 6
2 23 0 1 0 0 0 3000 2 14 14 3
2 24 0 1 0 0 0 3000 3 5 5 14
2 25 0 1 0 0 0 3000 2 8 8 5
2 26 1 1 1 0 0 415 1 5 5 8
2 27 0 1 0 0 0 3000 3 6 6 5
2 28 0 1 0 0 0 3000 2 3 3 6
2 29 0 1 0 0 0 3000 2 13 13 3
2 30 1 1 1 0 0 443 1 3 3 13
2 31 0 1 0 0 0 3000 3 6 6 3
2 32 0 1 0 0 0 3000 2 15 15 6
2 33 0 1 0 0 0 3000 2 4 4 15
2 34 0 1 0 0 0 3000 2 1 1 4
2 35 0 0 0 0 1 708 2 6 6 1
2 36 0 1 0 0 0 3000 3 5 5 6
2 37 0 1 0 0 0 3000 2 10 10 5
2 38 0 1 0 0 0 3000 2 2 2 10
2 39 0 1 0 0 0 3000 2 13 13 2
2 40 0 1 0 0 0 3000 3 12 12 13
2 41 0 1 0 0 0 3000 2 4 4 12
2 42 1 1 1 0 0 581 1 12 12 4
2 43 0 1 0 0 0 3000 3 5 5 12
2 44 0 1 0 0 0 3000 2 6 6 5
2 45 0 1 0 0 0 3000 2 2 2 6
2 46 1 1 1 0 0 857 1 6 6 2
2 47 0 1 0 0 0 3000 2 12 12 6
2 48 1 1 1 0 0 569 1 6 6 12
2 49 0 1 0 0 0 3000 3 8 8 6
2 50 0 1 0 0 0 3000 3 13 13 8
2 51 1 1 1 0 0 598 1 8 8 13
2 52 1 0 0 1 0 3000 1 13 13 8
2 53 1 1 1 0 0 416 1 8 8 13
2 54 1 1 1 0 0 639 1 13 13 8
2 55 0 1 0 0 0 3000 3 7 7 13
2 56 0 1 0 0 0 3000 2 14 14 7
2 57 1 1 1 0 0 488 1 7 7 14
2 58 1 1 1 0 0 579 1 14 14 7
2 59 1 1 1 0 0 472 1 7 7 14
2 60 0 1 0 0 0 3000 2 1 1 7
2 61 0 1 0 0 0 3000 3 12 12 1
2 62 0 1 0 0 0 3000 3 10 10 12
2 63 0 0 0 0 1 565 2 8 8 10
2 64 0 1 0 0 0 3000 2 3 3 8
2 65 0 1 0 0 0 3000 2 10 10 3
2 66 1 1 1 0 0 367 1 3 3 10
2 67 0 1 0 0 0 3000 2 2 2 3
2 68 1 1 1 0 0 415 1 3 3 2
2 69 0 1 0 0 0 3000 3 4 4 3
2 70 0 0 0 0 1 538 2 2 2 4
2 71 0 1 0 0 0 3000 2 8 8 2
2 72 0 1 0 0 0 3000 3 13 13 8
2 73 0 1 0 0 0 3000 3 3 3 13
2 74 0 1 0 0 0 3000 2 7 7 3
2 75 0 0 0 0 1 482 3 7 7 7
