1 1 0 1 0 0 0 3000 3 1 1 0
1 2 0 1 0 0 0 3000 2 6 6 1
1 3 0 1 0 0 0 3000 3 9 9 6
1 4 0 1 0 0 0 3000 2 13 13 9
1 5 1 1 1 0 0 1627 1 9 9 13
1 6 0 1 0 0 0 3000 3 3 3 9
1 7 1 1 1 0 0 1117 1 9 9 3
1 8 0 1 0 0 0 3000 2 4 4 9
1 9 1 1 1 0 0 1392 1 9 9 4
1 10 0 1 0 0 0 3000 2 3 3 9
2 1 0 1 0 0 0 3000 3 3 3 3
2 2 0 1 0 0 0 3000 1 15 15 3
2 3 0 1 0 0 0 3000 3 5 5 15
2 4 0 1 0 0 0 3000 3 10 10 5
2 5 0 1 0 0 0 3000 2 14 14 10
2 6 0 0 0 0 1 1526 3 3 3 14
2 7 0 1 0 0 0 3000 3 5 5 3
2 8 1 0 0 1 0 3000 1 3 3 5
2 9 0 1 0 0 0 3000 2 6 6 3
2 10 0 1 0 0 0 3000 3 15 15 6
2 11 0 1 0 0 0 3000 2 4 4 15
2 12 0 1 0 0 0 3000 3 8 8 4
2 13 0 1 0 0 0 3000 3 3 3 8
2 14 0 1 0 0 0 3000 3 5 5 3
2 15 1 0 0 1 0 3000 1 3 3 5
2 16 1 0 0 1 0 3000 1 5 5 3
2 17 0 1 0 0 0 3000 2 14 14 5
2 18 0 1 0 0 0 3000 2 8 8 14
2 19 0 1 0 0 0 3000 2 8 8 8
2 20 0 0 0 0 1 387 2 2 2 8
2 21 1 0 0 1 0 3000 1 8 8 2
2 22 0 0 0 0 1 1111 2 8 8 8
2 23 1 1 1 0 0 1111 1 8 8 8
2 24 0 1 0 0 0 3000 2 5 5 8
2 25 0 1 0 0 0 3000 3 1 1 5
2 26 1 1 1 0 0 733 1 5 5 1
2 27 0 1 0 0 0 3000 2 12 12 5
2 28 0 1 0 0 0 3000 3 11 11 12
2 29 0 0 0 0 1 816 2 1 1 11
2 30 0 1 0 0 0 3000 3 14 14 1
2 31 0 0 0 0 1 658 2 15 15 14
2 32 1 0 0 1 0 3000 1 14 14 15
2 33 0 1 0 0 0 3000 2 3 3 14
2 34 0 1 0 0 0 3000 3 7 7 3
2 35 1 1 1 0 0 1896 1 3 3 7
2 36 0 1 0 0 0 3000 2 8 8 3
2 37 0 1 0 0 0 3000 2 12 12 8
2 38 1 1 1 0 0 1996 1 8 8 12
2 39 1 0 0 1 0 3000 1 12 12 8
2 40 0 1 0 0 0 3000 3 4 4 12
2 41 0 1 0 0 0 3000 2 7 7 4
2 42 0 1 0 0 0 3000 2 2 2 7
2 43 1 1 1 0 0 642 1 7 7 2
2 44 0 1 0 0 0 3000 2 11 11 7
2 45 1 0 0 1 0 3000 1 7 7 11
2 46 0 1 0 0 0 3000 2 9 9 7
2 47 0 0 0 0 1 2520 3 12 12 9
2 48 0 1 0 0 0 3000 2 5 5 12
2 49 1 1 1 0 0 794 1 12 12 5
2 50 0 0 0 0 1 875 3 8 8 12
2 51 0 1 0 0 0 3000 3 1 1 8
2 52 0 1 0 0 0 3000 3 10 10 1
2 53 1 0 0 1 0 3000 1 1 1 10
2 54 0 0 0 0 1 488 3 6 6 1
2 55 0 1 0 0 0 3000 3 15 15 6
2 56 0 1 0 0 0 3000 3 15 15 15
2 57 1 0 0 1 0 3000 1 15 15 15
2 58 0 1 0 0 0 3000 3 4 4 15
2 59 1 0 0 1 0 3000 1 15 15 4
2 60 0 0 0 0 1 2314 2 6 6 15
2 61 0 1 0 0 0 3000 2 5 5 6
2 62 1 1 1 0 0 1196 1 6 6 5
2 63 0 1 0 0 0 3000 3 4 4 6
2 64 1 1 1 0 0 735 1 6 6 4
2 65 1 1 1 0 0 640 1 4 4 6
2 66 1 1 1 0 0 692 1 6 6 4
2 67 0 0 0 0 1 740 2 11 11 6
2 68 1 1 1 0 0 757 1 6 6 11
2 69 0 1 0 0 0 3000 3 12 12 6
2 70 0 1 0 0 0 3000 2 10 10 12
2 71 0 1 0 0 0 3000 2 8 8 10
2 72 0 1 0 0 0 3000 3 1 1 8
2 73 1 1 1 0 0 702 1 8 8 1
2 74 1 0 0 1 0 3000 1 1 1 8
2 75 0 1 0 0 0 3000 2 11 11 1
