1 1 0 1 0 0 0 3000 2 14 14 0
1 2 0 1 0 0 0 3000 3 11 11 14
1 3 0 1 0 0 0 3000 2 12 12 11
1 4 0 1 0 0 0 3000 3 7 7 12
1 5 0 1 0 0 0 3000 3 6 6 7
1 6 0 1 0 0 0 3000 2 8 8 6
1 7 0 1 0 0 0 3000 3 4 4 8
1 8 0 0 0 0 1 1625 3 6 6 4
1 9 0 1 0 0 0 3000 3 5 5 6
1 10 1 1 1 0 0 1807 1 6 6 5
2 1 0 1 0 0 0 3000 1 10 10 6
2 2 0 1 0 0 0 3000 3 15 15 10
2 3 0 1 0 0 0 3000 2 12 12 15
2 4 1 1 1 0 0 1384 1 15 15 12
2 5 0 1 0 0 0 3000 3 2 2 15
2 6 0 1 0 0 0 3000 3 8 8 2
2 7 1 1 1 0 0 578 1 2 2 8
2 8 0 1 0 0 0 3000 3 13 13 2
2 9 1 1 1 0 0 765 1 2 2 13
2 10 1 1 1 0 0 883 1 13 13 2
2 11 0 1 0 0 0 3000 3 9 9 13
2 12 1 1 1 0 0 567 1 13 13 9
2 13 0 1 0 0 0 3000 2 1 1 13
2 14 1 1 1 0 0 496 1 13 13 1
2 15 0 1 0 0 0 3000 2 12 12 13
2 16 0 1 0 0 0 3000 3 14 14 12
2 17 1 1 1 0 0 774 1 12 12 14
2 18 0 0 0 0 1 975 2 13 13 12
2 19 1 1 1 0 0 780 1 12 12 13
2 20 0 1 0 0 0 3000 3 11 11 12
2 21 0 1 0 0 0 3000 2 15 15 11
2 22 0 1 0 0 0 3000 2 7 7 15
2 23 0 0 0 0 1 740 2 11 11 7
2 24 1 1 1 0 0 1041 1 7 7 11
2 25 1 1 1 0 0 738 1 11 11 7
2 26 0 1 0 0 0 3000 2 10 10 11
2 27 0 1 0 0 0 3000 2 3 3 10
2 28 1 1 1 0 0 729 1 10 10 3
2 29 0 1 0 0 0 3000 2 15 15 10
2 30 0 1 0 0 0 3000 3 8 8 15
2 31 1 1 1 0 0 731 1 15 15 8
2 32 0 1 0 0 0 3000 2 5 5 15
2 33 0 0 0 0 1 670 2 13 13 5
2 34 0 1 0 0 0 3000 3 4 4 13
2 35 0 1 0 0 0 3000 3 9 9 4
2 36 0 1 0 0 0 3000 3 5 5 9
2 37 0 1 0 0 0 3000 2 7 7 5
2 38 1 1 1 0 0 791 1 5 5 7
2 39 0 1 0 0 0 3000 3 2 2 5
2 40 0 0 0 0 1 669 2 2 2 2
2 41 0 1 0 0 0 3000 3 14 14 2
2 42 1 1 1 0 0 753 1 2 2 14
2 43 1 0 0 1 0 3000 1 14 14 2
2 44 0 0 0 0 1 791 2 12 12 14
2 45 1 1 1 0 0 1405 1 14 14 12
2 46 1 1 1 0 0 749 1 12 12 14
2 47 1 1 1 0 0 776 1 14 14 12
2 48 1 1 1 0 0 604 1 12 12 14
2 49 0 1 0 0 0 3000 3 2 2 12
2 50 0 1 0 0 0 3000 3 11 11 2
2 51 1 1 1 0 0 499 1 2 2 11
2 52 0 1 0 0 0 3000 3 6 6 2
2 53 1 1 1 0 0 603 1 2 2 6
2 54 1 1 1 0 0 1251 1 6 6 2
2 55 0 1 0 0 0 3000 3 7 7 6
2 56 0 1 0 0 0 3000 2 9 9 7
2 57 0 0 0 0 1 514 2 9 9 9
2 58 0 1 0 0 0 3000 2 10 10 9
2 59 0 1 0 0 0 3000 3 5 5 10
2 60 0 1 0 0 0 3000 2 1 1 5
2 61 0 1 0 0 0 3000 2 6 6 1
2 62 0 1 0 0 0 3000 2 8 8 6
2 63 1 1 1 0 0 619 1 6 6 8
2 64 1 1 1 0 0 769 1 8 8 6
2 65 0 1 0 0 0 3000 3 1 1 8
2 66 0 1 0 0 0 3000 2 3 3 1
2 67 1 1 1 0 0 555 1 1 1 3
2 68 0 1 0 0 0 3000 3 7 7 1
2 69 0 1 0 0 0 3000 2 15 15 7
2 70 0 0 0 0 1 742 2 10 10 15
2 71 0 1 0 0 0 3000 2 5 5 10
2 72 0 1 0 0 0 3000 2 14 14 5
2 73 0 0 0 0 1 1014 3 1 1 14
2 74 0 1 0 0 0 3000 3 7 7 1
2 75 0 1 0 0 0 3000 2 11 11 7
