1 1 0 1 0 0 0 3000 1 4 4 0
1 2 0 1 0 0 0 3000 2 2 2 4
1 3 1 1 1 0 0 546 1 4 4 2
1 4 0 1 0 0 0 3000 2 13 13 4
1 5 0 1 0 0 0 3000 2 13 13 13
1 6 0 1 0 0 0 3000 3 11 11 13
1 7 1 1 1 0 0 1765 1 13 13 11
1 8 1 0 0 1 0 3000 1 11 11 13
1 9 1 0 0 1 0 3000 1 13 13 11
1 10 1 0 0 1 0 3000 1 11 11 13
2 1 0 1 0 0 0 3000 3 14 14 11
2 2 0 1 0 0 0 3000 1 10 10 14
2 3 0 1 0 0 0 3000 2 4 4 10
2 4 0 1 0 0 0 3000 3 5 5 4
2 5 1 1 1 0 0 1516 1 4 4 5
2 6 0 1 0 0 0 3000 3 11 11 4
2 7 1 0 0 1 0 3000 1 4 4 11
2 8 0 1 0 0 0 3000 3 7 7 4
2 9 0 1 0 0 0 3000 2 11 11 7
2 10 1 1 1 0 0 1320 1 7 7 11
2 11 1 0 0 1 0 3000 1 11 11 7
2 12 1 0 0 1 0 3000 1 7 7 11
2 13 0 1 0 0 0 3000 2 5 5 7
2 14 0 1 0 0 0 3000 3 5 5 5
2 15 1 1 1 0 0 724 1 5 5 5
2 16 0 1 0 0 0 3000 2 2 2 5
2 17 0 1 0 0 0 3000 3 15 15 2
2 18 0 1 0 0 0 3000 3 15 15 15
2 19 0 1 0 0 0 3000 3 10 10 15
2 20 0 1 0 0 0 3000 3 2 2 10
2 21 0 1 0 0 0 3000 2 6 6 2
2 22 0 1 0 0 0 3000 3 1 1 6
2 23 0 1 0 0 0 3000 3 7 7 1
2 24 0 1 0 0 0 3000 3 11 11 7
2 25 0 1 0 0 0 3000 3 5 5 11
2 26 1 1 1 0 0 544 1 11 11 5
2 27 1 0 0 1 0 3000 1 5 5 11
2 28 0 1 0 0 0 3000 2 3 3 5
2 29 1 1 1 0 0 600 1 5 5 3
2 30 0 1 0 0 0 3000 3 8 8 5
2 31 0 1 0 0 0 3000 3 15 15 8
2 32 1 1 1 0 0 613 1 8 8 15
2 33 1 0 0 1 0 3000 1 15 15 8
2 34 1 0 0 1 0 3000 1 8 8 15
2 35 0 1 0 0 0 3000 2 14 14 8
2 36 1 1 1 0 0 550 1 8 8 14
2 37 0 1 0 0 0 3000 3 5 5 8
2 38 0 1 0 0 0 3000 3 2 2 5
2 39 0 1 0 0 0 3000 2 15 15 2
2 40 0 1 0 0 0 3000 3 7 7 15
2 41 0 1 0 0 0 3000 3 7 7 7
2 42 1 1 1 0 0 960 1 7 7 7
2 43 0 1 0 0 0 3000 3 6 6 7
2 44 0 1 0 0 0 3000 3 4 4 6
2 45 0 1 0 0 0 3000 3 7 7 4
2 46 0 1 0 0 0 3000 2 8 8 7
2 47 1 1 1 0 0 686 1 7 7 8
2 48 1 0 0 1 0 3000 1 8 8 7
2 49 0 1 0 0 0 3000 3 8 8 8
2 50 0 1 0 0 0 3000 3 15 15 8
2 51 0 1 0 0 0 3000 3 1 1 15
2 52 0 1 0 0 0 3000 3 14 14 1
2 53 0 1 0 0 0 3000 2 10 10 14
2 54 1 1 1 0 0 1196 1 14 14 10
2 55 0 1 0 0 0 3000 3 11 11 14
2 56 0 1 0 0 0 3000 2 12 12 11
2 57 0 1 0 0 0 3000 3 15 15 12
2 58 0 1 0 0 0 3000 2 3 3 15
2 59 0 0 0 0 1 2002 3 12 12 3
2 60 0 1 0 0 0 3000 2 12 12 12
2 61 0 1 0 0 0 3000 3 13 13 12
2 62 0 1 0 0 0 3000 3 10 10 13
2 63 0 1 0 0 0 3000 3 9 9 10
2 64 0 1 0 0 0 3000 2 14 14 9
2 65 0 1 0 0 0 3000 2 11 11 14
2 66 0 1 0 0 0 3000 2 3 3 11
2 67 0 1 0 0 0 3000 3 2 2 3
2 68 0 1 0 0 0 3000 3 12 12 2
2 69 0 1 0 0 0 3000 3 7 7 12
2 70 0 1 0 0 0 3000 2 3 3 7
2 71 0 1 0 0 0 3000 3 14 14 3
2 72 1 0 0 1 0 3000 1 3 3 14
2 73 0 1 0 0 0 3000 3 1 1 3
2 74 1 1 1 0 0 1624 1 3 3 1
2 75 1 0 0 1 0 3000 1 1 1 3
