1 1 0 1 0 0 0 3000 3 3 3 0
1 2 0 1 0 0 0 3000 3 6 6 3
1 3 0 1 0 0 0 3000 3 14 14 6
1 4 0 1 0 0 0 3000 2 10 10 14
1 5 0 1 0 0 0 3000 3 12 12 10
1 6 0 1 0 0 0 3000 2 4 4 12
1 7 1 0 0 1 0 3000 1 12 12 4
1 8 1 0 0 1 0 3000 1 4 4 12
1 9 1 1 1 0 0 426 1 12 12 4
1 10 0 1 0 0 0 3000 3 8 8 12
2 1 0 1 0 0 0 3000 3 8 8 8
2 2 0 1 0 0 0 3000 2 2 2 8
2 3 0 1 0 0 0 3000 2 10 10 2
2 4 0 1 0 0 0 3000 3 13 13 10
2 5 0 1 0 0 0 3000 3 1 1 13
2 6 0 1 0 0 0 3000 3 1 1 1
2 7 0 1 0 0 0 3000 3 15 15 1
2 8 0 1 0 0 0 3000 2 6 6 15
2 9 1 1 1 0 0 416 1 15 15 6
2 10 1 0 0 1 0 3000 1 6 6 15
2 11 0 1 0 0 0 3000 3 11 11 6
2 12 0 1 0 0 0 3000 3 2 2 11
2 13 1 0 0 1 0 3000 1 11 11 2
2 14 1 1 1 0 0 746 1 2 2 11
2 15 0 1 0 0 0 3000 3 4 4 2
2 16 1 0 0 1 0 3000 1 2 2 4
2 17 1 1 1 0 0 425 1 4 4 2
2 18 1 0 0 1 0 3000 1 2 2 4
2 19 1 0 0 1 0 3000 1 4 4 2
2 20 0 1 0 0 0 3000 3 14 14 4
2 21 0 1 0 0 0 3000 3 12 12 14
2 22 1 0 0 1 0 3000 1 14 14 12
2 23 0 1 0 0 0 3000 3 7 7 14
2 24 0 1 0 0 0 3000 2 8 8 7
2 25 1 0 0 1 0 3000 1 7 7 8
2 26 0 1 0 0 0 3000 3 1 1 7
2 27 0 1 0 0 0 3000 3 1 1 1
2 28 1 0 0 1 0 3000 1 1 1 1
2 29 0 1 0 0 0 3000 3 9 9 1
2 30 0 1 0 0 0 3000 3 12 12 9
2 31 0 1 0 0 0 3000 3 13 13 12
2 32 0 1 0 0 0 3000 2 7 7 13
2 33 0 1 0 0 0 3000 3 15 15 7
2 34 0 1 0 0 0 3000 2 13 13 15
2 35 0 1 0 0 0 3000 3 6 6 13
2 36 1 0 0 1 0 3000 1 13 13 6
2 37 0 1 0 0 0 3000 2 2 2 13
2 38 1 0 0 1 0 3000 1 13 13 2
2 39 1 0 0 1 0 3000 1 2 2 13
2 40 0 1 0 0 0 3000 2 3 3 2
2 41 1 1 1 0 0 436 1 2 2 3
2 42 0 1 0 0 0 3000 3 5 5 2
2 43 0 1 0 0 0 3000 2 13 13 5
2 44 0 1 0 0 0 3000 3 10 10 13
2 45 1 0 0 1 0 3000 1 13 13 10
2 46 0 1 0 0 0 3000 3 1 1 13
2 47 0 1 0 0 0 3000 3 14 14 1
2 48 1 0 0 1 0 3000 1 1 1 14
2 49 0 1 0 0 0 3000 3 11 11 1
2 50 1 1 1 0 0 395 1 1 1 11
2 51 0 1 0 0 0 3000 2 3 3 1
2 52 0 1 0 0 0 3000 3 7 7 3
2 53 0 1 0 0 0 3000 2 10 10 7
2 54 0 1 0 0 0 3000 2 4 4 10
2 55 0 1 0 0 0 3000 3 12 12 4
2 56 1 1 1 0 0 414 1 4 4 12
2 57 1 0 0 1 0 3000 1 12 12 4
2 58 0 1 0 0 0 3000 3 11 11 12
2 59 0 1 0 0 0 3000 2 5 5 11
2 60 1 0 0 1 0 3000 1 11 11 5
2 61 1 0 0 1 0 3000 1 5 5 11
2 62 0 1 0 0 0 3000 2 8 8 5
2 63 0 1 0 0 0 3000 3 7 7 8
2 64 0 1 0 0 0 3000 3 3 3 7
2 65 1 1 1 0 0 454 1 7 7 3
2 66 0 1 0 0 0 3000 3 12 12 7
2 67 1 0 0 1 0 3000 1 7 7 12
2 68 1 1 1 0 0 423 1 12 12 7
2 69 0 1 0 0 0 3000 3 8 8 12
2 70 1 0 0 1 0 3000 1 12 12 8
2 71 0 1 0 0 0 3000 2 11 11 12
2 72 1 0 0 1 0 3000 1 12 12 11
2 73 0 1 0 0 0 3000 3 14 14 12
2 74 1 1 1 0 0 358 1 12 12 14
2 75 0 1 0 0 0 3000 3 12 12 12
