1 1 0 1 0 0 0 3000 2 1 1 0
1 2 0 1 0 0 0 3000 2 3 3 1
1 3 1 0 0 1 0 3000 1 1 1 3
1 4 0 0 0 0 1 1352 3 5 5 1
1 5 0 1 0 0 0 3000 3 6 6 5
1 6 1 0 0 1 0 3000 1 5 5 6
1 7 0 1 0 0 0 3000 3 9 9 5
1 8 1 0 0 1 0 3000 1 5 5 9
1 9 0 0 0 0 1 599 3 4 4 5
1 10 1 0 0 1 0 3000 1 5 5 4
2 1 0 1 0 0 0 3000 2 9 9 5
2 2 0 1 0 0 0 3000 1 6 6 9
2 3 0 1 0 0 0 3000 2 12 12 6
2 4 0 1 0 0 0 3000 3 5 5 12
2 5 1 1 1 0 0 674 1 12 12 5
2 6 0 1 0 0 0 3000 2 14 14 12
2 7 0 1 0 0 0 3000 2 14 14 14
2 8 1 1 1 0 0 814 1 14 14 14
2 9 0 1 0 0 0 3000 3 3 3 14
2 10 0 1 0 0 0 3000 3 12 12 3
2 11 1 1 1 0 0 626 1 3 3 12
2 12 1 0 0 1 0 3000 1 12 12 3
2 13 1 0 0 1 0 3000 1 3 3 12
2 14 0 1 0 0 0 3000 2 10 10 3
2 15 1 1 1 0 0 660 1 3 3 10
2 16 0 1 0 0 0 3000 3 5 5 3
2 17 0 1 0 0 0 3000 2 1 1 5
2 18 0 1 0 0 0 3000 3 13 13 1
2 19 0 1 0 0 0 3000 2 2 2 13
2 20 0 1 0 0 0 3000 3 7 7 2
2 21 0 1 0 0 0 3000 3 3 3 7
2 22 0 1 0 0 0 3000 2 5 5 3
2 23 0 1 0 0 0 3000 2 13 13 5
2 24 0 1 0 0 0 3000 3 12 12 13
2 25 0 1 0 0 0 3000 2 15 15 12
2 26 0 1 0 0 0 3000 2 1 1 15
2 27 0 1 0 0 0 3000 3 7 7 1
2 28 0 0 0 0 1 1011 2 7 7 7
2 29 0 1 0 0 0 3000 2 8 8 7
2 30 1 0 0 1 0 3000 1 7 7 8
2 31 1 0 0 1 0 3000 1 8 8 7
2 32 0 1 0 0 0 3000 3 3 3 8
2 33 0 1 0 0 0 3000 3 9 9 3
2 34 1 1 1 0 0 844 1 3 3 9
2 35 0 1 0 0 0 3000 2 13 13 3
2 36 0 1 0 0 0 3000 2 4 4 13
2 37 0 1 0 0 0 3000 2 14 14 4
2 38 0 0 0 0 1 950 2 13 13 14
2 39 0 1 0 0 0 3000 2 4 4 13
2 40 0 1 0 0 0 3000 3 1 1 4
2 41 0 1 0 0 0 3000 3 8 8 1
2 42 1 1 1 0 0 534 1 1 1 8
2 43 0 1 0 0 0 3000 2 9 9 1
2 44 0 1 0 0 0 3000 3 7 7 9
2 45 1 0 0 1 0 3000 1 9 9 7
2 46 0 1 0 0 0 3000 2 2 2 9
2 47 0 1 0 0 0 3000 3 5 5 2
2 48 0 1 0 0 0 3000 3 12 12 5
2 49 0 1 0 0 0 3000 3 11 11 12
2 50 0 1 0 0 0 3000 3 8 8 11
2 51 0 1 0 0 0 3000 3 4 4 8
2 52 0 1 0 0 0 3000 3 9 9 4
2 53 0 1 0 0 0 3000 3 3 3 9
2 54 1 1 1 0 0 691 1 9 9 3
2 55 0 1 0 0 0 3000 2 8 8 9
2 56 0 1 0 0 0 3000 3 3 3 8
2 57 0 1 0 0 0 3000 2 13 13 3
2 58 1 1 1 0 0 764 1 3 3 13
2 59 0 1 0 0 0 3000 2 12 12 3
2 60 0 1 0 0 0 3000 2 1 1 12
2 61 0 1 0 0 0 3000 2 7 7 1
2 62 0 1 0 0 0 3000 2 15 15 7
2 63 0 1 0 0 0 3000 2 2 2 15
2 64 0 1 0 0 0 3000 3 13 13 2
2 65 0 1 0 0 0 3000 2 10 10 13
2 66 0 1 0 0 0 3000 2 5 5 10
2 67 0 1 0 0 0 3000 3 8 8 5
2 68 0 1 0 0 0 3000 3 1 1 8
2 69 0 1 0 0 0 3000 3 12 12 1
2 70 0 1 0 0 0 3000 2 15 15 12
2 71 1 1 1 0 0 496 1 12 12 15
2 72 0 1 0 0 0 3000 3 1 1 12
2 73 1 0 0 1 0 3000 1 12 12 1
2 74 0 1 0 0 0 3000 2 10 10 12
2 75 1 1 1 0 0 684 1 12 12 10
