1 1 0 1 0 0 0 3000 1 15 15 0
1 2 0 1 0 0 0 3000 1 11 11 15
1 3 0 1 0 0 0 3000 2 11 11 11
1 4 1 1 1 0 0 1995 1 11 11 11
1 5 0 1 0 0 0 3000 3 9 9 11
1 6 1 0 0 1 0 3000 1 11 11 9
1 7 1 1 1 0 0 1995 1 9 9 11
1 8 0 1 0 0 0 3000 2 12 12 9
1 9 0 1 0 0 0 3000 3 2 2 12
1 10 0 1 0 0 0 3000 2 15 15 2
2 1 0 1 0 0 0 3000 1 10 10 15
2 2 0 1 0 0 0 3000 2 12 12 10
2 3 0 0 0 0 1 1276 3 12 12 12
2 4 1 0 0 1 0 3000 1 12 12 12
2 5 1 0 0 1 0 3000 1 12 12 12
2 6 0 0 0 0 1 686 2 10 10 12
2 7 1 0 0 1 0 3000 1 12 12 10
2 8 0 1 0 0 0 3000 2 14 14 12
2 9 0 1 0 0 0 3000 2 3 3 14
2 10 1 0 0 1 0 3000 1 14 14 3
2 11 0 1 0 0 0 3000 3 4 4 14
2 12 0 1 0 0 0 3000 3 15 15 4
2 13 1 0 0 1 0 3000 1 4 4 15
2 14 0 1 0 0 0 3000 3 4 4 4
2 15 0 0 0 0 1 472 3 11 11 4
2 16 1 0 0 1 0 3000 1 4 4 11
2 17 0 1 0 0 0 3000 2 5 5 4
2 18 1 1 1 0 0 967 1 4 4 5
2 19 0 1 0 0 0 3000 3 4 4 4
2 20 0 1 0 0 0 3000 3 1 1 4
2 21 1 1 1 0 0 1142 1 4 4 1
2 22 0 1 0 0 0 3000 3 6 6 4
2 23 0 1 0 0 0 3000 3 13 13 6
2 24 0 1 0 0 0 3000 2 5 5 13
2 25 0 1 0 0 0 3000 3 3 3 5
2 26 0 1 0 0 0 3000 2 13 13 3
2 27 0 1 0 0 0 3000 3 1 1 13
2 28 0 1 0 0 0 3000 3 1 1 1
2 29 0 1 0 0 0 3000 3 4 4 1
2 30 0 1 0 0 0 3000 3 8 8 4
2 31 1 0 0 1 0 3000 1 4 4 8
2 32 0 1 0 0 0 3000 2 5 5 4
2 33 0 1 0 0 0 3000 2 13 13 5
2 34 0 1 0 0 0 3000 2 15 15 13
2 35 0 1 0 0 0 3000 3 8 8 15
2 36 0 1 0 0 0 3000 3 12 12 8
2 37 0 1 0 0 0 3000 3 2 2 12
2 38 0 1 0 0 0 3000 2 14 14 2
2 39 0 1 0 0 0 3000 2 1 1 14
2 40 0 1 0 0 0 3000 2 9 9 1
2 41 0 1 0 0 0 3000 2 13 13 9
2 42 1 0 0 1 0 3000 1 9 9 13
2 43 1 0 0 1 0 3000 1 13 13 9
2 44 0 1 0 0 0 3000 3 5 5 13
2 45 0 1 0 0 0 3000 2 9 9 5
2 46 1 0 0 1 0 3000 1 5 5 9
2 47 1 0 0 1 0 3000 1 9 9 5
2 48 0 1 0 0 0 3000 3 4 4 9
2 49 0 1 0 0 0 3000 2 7 7 4
2 50 1 0 0 1 0 3000 1 4 4 7
2 51 0 1 0 0 0 3000 3 1 1 4
2 52 1 0 0 1 0 3000 1 4 4 1
2 53 0 1 0 0 0 3000 3 6 6 4
2 54 1 1 1 0 0 740 1 4 4 6
2 55 1 0 0 1 0 3000 1 6 6 4
2 56 0 1 0 0 0 3000 2 10 10 6
2 57 0 1 0 0 0 3000 3 2 2 10
2 58 0 1 0 0 0 3000 2 4 4 2
2 59 1 0 0 1 0 3000 1 2 2 4
2 60 0 1 0 0 0 3000 3 13 13 2
2 61 0 1 0 0 0 3000 2 3 3 13
2 62 0 1 0 0 0 3000 3 10 10 3
2 63 1 1 1 0 0 703 1 3 3 10
2 64 0 1 0 0 0 3000 2 2 2 3
2 65 0 1 0 0 0 3000 2 15 15 2
2 66 0 1 0 0 0 3000 3 5 5 15
2 67 0 1 0 0 0 3000 3 9 9 5
2 68 0 1 0 0 0 3000 3 3 3 9
2 69 0 1 0 0 0 3000 2 5 5 3
2 70 0 1 0 0 0 3000 3 15 15 5
2 71 1 0 0 1 0 3000 1 5 5 15
2 72 1 1 1 0 0 471 1 15 15 5
2 73 1 0 0 1 0 3000 1 5 5 15
2 74 0 1 0 0 0 3000 3 3 3 5
2 75 0 1 0 0 0 3000 3 9 9 3
