1 1 0 1 0 0 0 3000 2 13 13 0
1 2 0 1 0 0 0 3000 1 6 6 13
1 3 1 1 1 0 0 450 1 13 13 6
1 4 0 1 0 0 0 3000 3 1 1 13
1 5 1 1 1 0 0 1197 1 13 13 1
1 6 0 1 0 0 0 3000 3 9 9 13
1 7 0 1 0 0 0 3000 3 15 15 9
1 8 0 1 0 0 0 3000 3 6 6 15
1 9 0 0 0 0 1 727 2 6 6 6
1 10 0 0 0 0 1 1206 3 9 9 6
2 1 0 1 0 0 0 3000 1 2 2 9
2 2 0 1 0 0 0 3000 2 5 5 2
2 3 0 1 0 0 0 3000 2 1 1 5
2 4 1 1 1 0 0 446 1 5 5 1
2 5 0 1 0 0 0 3000 3 5 5 5
2 6 0 1 0 0 0 3000 2 7 7 5
2 7 1 1 1 0 0 736 1 5 5 7
2 8 0 1 0 0 0 3000 3 5 5 5
2 9 0 1 0 0 0 3000 2 13 13 5
2 10 0 0 0 0 1 644 3 6 6 13
2 11 1 0 0 1 0 3000 1 13 13 6
2 12 0 1 0 0 0 3000 2 11 11 13
2 13 1 1 1 0 0 647 1 13 13 11
2 14 0 1 0 0 0 3000 2 8 8 13
2 15 0 0 0 0 1 598 2 8 8 8
2 16 1 1 1 0 0 2371 1 8 8 8
2 17 0 1 0 0 0 3000 3 1 1 8
2 18 0 0 0 0 1 548 2 11 11 1
2 19 1 0 0 1 0 3000 1 1 1 11
2 20 1 1 1 0 0 546 1 11 11 1
2 21 0 1 0 0 0 3000 2 3 3 11
2 22 0 0 0 0 1 586 2 13 13 3
2 23 0 1 0 0 0 3000 3 11 11 13
2 24 0 1 0 0 0 3000 2 5 5 11
2 25 0 1 0 0 0 3000 3 15 15 5
2 26 0 1 0 0 0 3000 3 2 2 15
2 27 1 1 1 0 0 618 1 15 15 2
2 28 1 1 1 0 0 429 1 2 2 15
2 29 1 1 1 0 0 535 1 15 15 2
2 30 1 1 1 0 0 432 1 2 2 15
2 31 0 1 0 0 0 3000 3 10 10 2
2 32 1 1 1 0 0 486 1 2 2 10
2 33 1 1 1 0 0 699 1 10 10 2
2 34 0 1 0 0 0 3000 3 13 13 10
2 35 0 0 0 0 1 618 2 5 5 13
2 36 1 1 1 0 0 1280 1 13 13 5
2 37 1 1 1 0 0 924 1 5 5 13
2 38 0 1 0 0 0 3000 2 2 2 5
2 39 0 1 0 0 0 3000 2 9 9 2
2 40 0 1 0 0 0 3000 2 1 1 9
2 41 0 1 0 0 0 3000 3 14 14 1
2 42 0 0 0 0 1 557 3 2 2 14
2 43 0 1 0 0 0 3000 2 10 10 2
2 44 0 1 0 0 0 3000 2 13 13 10
2 45 0 0 0 0 1 546 3 6 6 13
2 46 0 1 0 0 0 3000 2 15 15 6
2 47 0 1 0 0 0 3000 2 2 2 15
2 48 1 1 1 0 0 724 1 15 15 2
2 49 0 1 0 0 0 3000 2 12 12 15
2 50 1 1 1 0 0 708 1 15 15 12
2 51 0 1 0 0 0 3000 3 14 14 15
2 52 0 1 0 0 0 3000 3 13 13 14
2 53 0 0 0 0 1 806 3 12 12 13
2 54 1 1 1 0 0 989 1 13 13 12
2 55 0 1 0 0 0 3000 2 7 7 13
2 56 0 0 0 0 1 685 3 2 2 7
2 57 1 1 1 0 0 818 1 7 7 2
2 58 0 1 0 0 0 3000 3 3 3 7
2 59 1 1 1 0 0 602 1 7 7 3
2 60 1 1 1 0 0 932 1 3 3 7
2 61 1 1 1 0 0 591 1 7 7 3
2 62 0 0 0 0 1 509 3 7 7 7
2 63 0 0 0 0 1 100 3 13 13 7
2 64 1 0 0 1 0 3000 1 7 7 13
2 65 0 1 0 0 0 3000 3 5 5 7
2 66 0 0 0 0 1 707 2 13 13 5
2 67 1 1 1 0 0 568 1 5 5 13
2 68 0 1 0 0 0 3000 2 9 9 5
2 69 0 1 0 0 0 3000 3 11 11 9
2 70 0 0 0 0 1 647 2 10 10 11
2 71 0 1 0 0 0 3000 2 3 3 10
2 72 0 1 0 0 0 3000 2 2 2 3
2 73 0 0 0 0 1 425 2 11 11 2
2 74 0 1 0 0 0 3000 2 4 4 11
2 75 0 1 0 0 0 3000 3 13 13 4
