8081 1 0 0
14782 1 1 0
20498 1 1 1
28356 2 1 1
35968 2 1 2
39745 2 2 2
43081 2 2 3
47950 2 3 3
49849 3 3 3
52788 4 3 3
54385 5 3 3
67409 5 3 4
70544 5 3 5
80151 6 3 5
99025 7 3 5
104728 8 3 5
111129 9 3 5
112249 9 3 6
114602 10 3 6
151902 10 3 7
154761 11 3 7
162369 12 3 7
170475 12 4 7
175423 12 4 8
178087 13 4 8
180537 14 4 8
204721 14 4 9
207611 15 4 9
211021 16 4 9
222810 17 4 9
225346 18 4 9
299419 19 4 9
305154 20 4 9
321037 20 5 9
323915 20 5 10
326771 20 5 11
328901 21 5 11
331307 22 5 11
365493 22 5 12
368274 23 5 12
372508 23 5 13
380203 24 5 13
385221 24 6 13
388376 25 6 13
392097 25 7 13
394839 26 7 13
396613 27 7 13
398511 27 7 14
400496 28 7 14
402007 29 7 14
403555 29 7 15
405399 29 7 16
406535 29 7 17
407949 29 7 18
409807 29 7 19
418658 29 7 20
425137 29 8 20
428302 30 8 20
430448 31 8 20
432885 32 8 20
434392 33 8 20
437838 33 9 20
440375 33 10 20
443024 33 11 20
445643 33 11 21
447714 34 11 21
451871 34 11 22
454371 35 11 22
456090 36 11 22
458202 37 11 22
459722 37 11 23
462755 38 11 23
465586 39 11 23
468827 40 11 23
